CEP_inicial,Latitude_inicial,Longitude_inicial,Dia_do_voo,Hora_inicial,Velocidade,CEP_final,Latitude_final,Longitude_final,Pouso,Hora_final
82821020.0,-25.4233146347775,-49.2160678044742,1,06:00:00,88,82821016.0,-25.4270763750322,-49.209505500185,NÃO,06:00:31
82821016.0,-25.4270763750322,-49.209505500185,1,06:01:43,40,81520250.0,-25.4595564842104,-49.2411990341756,NÃO,06:08:49
81520250.0,-25.4595564842104,-49.2411990341756,1,06:10:01,72,82900480.0,-25.445789018659,-49.2173394258684,NÃO,06:12:21
82900480.0,-25.445789018659,-49.2173394258684,1,06:13:33,52,82960518.0,-25.4654572500437,-49.1984884999811,NÃO,06:16:35
82960518.0,-25.4654572500437,-49.1984884999811,1,06:17:47,72,82960488.0,-25.4654066369594,-49.210649939143,NÃO,06:18:52
82960488.0,-25.4654066369594,-49.210649939143,1,06:20:04,96,82950220.0,-25.4538040386831,-49.2173702690989,NÃO,06:21:02
82950220.0,-25.4538040386831,-49.2173702690989,1,06:22:14,96,81530380.0,-25.4625848305665,-49.2300931009572,NÃO,06:23:15
81530380.0,-25.4625848305665,-49.2300931009572,1,06:24:27,76,81520290.0,-25.4627057622716,-49.2410266625473,NÃO,06:25:22
81520290.0,-25.4627057622716,-49.2410266625473,1,06:26:34,52,82980520.0,-25.4702554549873,-49.1880231206476,NÃO,06:32:18
82980520.0,-25.4702554549873,-49.1880231206476,1,06:33:30,36,81540160.0,-25.4663186667815,-49.2166009443659,NÃO,06:38:59
81540160.0,-25.4663186667815,-49.2166009443659,1,06:40:11,88,81550150.0,-25.4770778208763,-49.2126543845983,NÃO,06:41:00
81550150.0,-25.4770778208763,-49.2126543845983,1,06:42:12,96,81590568.0,-25.4865484092882,-49.1981543961654,NÃO,06:43:16
81590568.0,-25.4865484092882,-49.1981543961654,1,06:44:28,60,81590220.0,-25.4821304044981,-49.1983598981544,NÃO,06:45:00
81590220.0,-25.4821304044981,-49.1983598981544,1,06:46:12,72,81670260.0,-25.5039440665513,-49.2550349720709,NÃO,06:51:30
81670260.0,-25.5039440665513,-49.2550349720709,1,06:52:42,60,81750200.0,-25.5157135001734,-49.243793374824,NÃO,06:54:18
81750200.0,-25.5157135001734,-49.243793374824,1,06:55:30,96,82930370.0,-25.4627990031427,-49.2053096781914,NÃO,06:59:57
82930370.0,-25.4627990031427,-49.2053096781914,1,07:01:09,60,82810080.0,-25.4396831550178,-49.213992719196,NÃO,07:03:52
82810080.0,-25.4396831550178,-49.213992719196,1,07:05:04,84,80210200.0,-25.4425802500035,-49.2447534999719,NÃO,07:07:18
80210200.0,-25.4425802500035,-49.2447534999719,1,07:08:30,60,80215650.0,-25.4484380190541,-49.2490664368478,NÃO,07:09:17
80215650.0,-25.4484380190541,-49.2490664368478,1,07:10:29,60,80215542.0,-25.4467561755521,-49.2503976846901,NÃO,07:10:43
80215542.0,-25.4467561755521,-49.2503976846901,1,07:11:55,96,82810220.0,-25.4362783812433,-49.2176039050576,NÃO,07:14:06
82810220.0,-25.4362783812433,-49.2176039050576,1,07:15:18,60,82650320.0,-25.3737566254647,-49.2469140011033,NÃO,07:22:51
82650320.0,-25.3737566254647,-49.2469140011033,1,07:24:03,92,82200216.0,-25.3890870000006,-49.270339250004,NÃO,07:25:57
82200216.0,-25.3890870000006,-49.270339250004,1,07:27:09,80,80530210.0,-25.415928,-49.266714,NÃO,07:29:25
80530210.0,-25.415928,-49.266714,1,07:30:37,40,80730270.0,-25.4395442941516,-49.3020722939492,NÃO,07:37:15
80730270.0,-25.4395442941516,-49.3020722939492,1,07:38:27,96,81200160.0,-25.4320014000022,-49.3213627999599,NÃO,07:39:47
81200160.0,-25.4320014000022,-49.3213627999599,1,07:40:59,80,80440020.0,-25.4428337956861,-49.300747838027,NÃO,07:42:47
80440020.0,-25.4428337956861,-49.300747838027,1,07:43:59,88,81200400.0,-25.4338997893551,-49.3437087449233,NÃO,07:47:01
81200400.0,-25.4338997893551,-49.3437087449233,1,07:48:13,60,81200390.0,-25.4331374954389,-49.3440640772759,NÃO,07:48:19
81200390.0,-25.4331374954389,-49.3440640772759,1,07:49:31,60,82410510.0,-25.3732418954991,-49.3291631561723,SIM,07:56:21
82410510.0,-25.3732418954991,-49.3291631561723,1,07:57:33,48,82320220.0,-25.4019988462337,-49.3433039997731,NÃO,08:01:56
82320220.0,-25.4019988462337,-49.3433039997731,1,08:03:08,60,82315390.0,-25.4096763580765,-49.3604395248946,NÃO,08:05:04
82315390.0,-25.4096763580765,-49.3604395248946,1,08:06:16,44,80740620.0,-25.4417320478243,-49.3156172471767,NÃO,08:14:06
80740620.0,-25.4417320478243,-49.3156172471767,1,08:15:18,92,80210400.0,-25.4463780000737,-49.2468984999865,NÃO,08:19:49
80210400.0,-25.4463780000737,-49.2468984999865,1,08:21:01,60,80010040.0,-25.433306347953,-49.2586024190518,NÃO,08:22:54
80010040.0,-25.433306347953,-49.2586024190518,1,08:24:06,60,80035210.0,-25.4018593540355,-49.2501065029327,NÃO,08:27:42
80035210.0,-25.4018593540355,-49.2501065029327,1,08:28:54,60,82630494.0,-25.3769201560983,-49.2197021839363,NÃO,08:33:02
82630494.0,-25.3769201560983,-49.2197021839363,1,08:34:14,76,82515190.0,-25.399238,-49.229496,NÃO,08:36:21
82515190.0,-25.399238,-49.229496,1,08:37:33,88,82930030.0,-25.4568138879969,-49.2056962318778,NÃO,08:42:13
82930030.0,-25.4568138879969,-49.2056962318778,1,08:43:25,60,81590045.0,-25.4936220026944,-49.1988741650016,NÃO,08:47:34
81590045.0,-25.4936220026944,-49.1988741650016,1,08:48:46,60,81850650.0,-25.5414905884625,-49.2439315883873,NÃO,08:55:46
81850650.0,-25.5414905884625,-49.2439315883873,1,08:56:58,96,81110190.0,-25.4985135816744,-49.2879505576038,NÃO,09:01:03
81110190.0,-25.4985135816744,-49.2879505576038,1,09:02:15,60,81070000.0,-25.4763966710448,-49.3031041977101,NÃO,09:05:36
81070000.0,-25.4763966710448,-49.3031041977101,1,09:06:48,88,80620340.0,-25.4540745011999,-49.2732563508827,NÃO,09:09:39
80620340.0,-25.4540745011999,-49.2732563508827,1,09:10:51,92,80620370.0,-25.4578113636589,-49.2746421817496,NÃO,09:11:07
80620370.0,-25.4578113636589,-49.2746421817496,1,09:12:19,60,81030370.0,-25.4881800174281,-49.2756635796428,NÃO,09:15:14
81030370.0,-25.4881800174281,-49.2756635796428,1,09:16:26,60,80220200.0,-25.4672406908201,-49.2801499774178,NÃO,09:19:16
80220200.0,-25.4672406908201,-49.2801499774178,1,09:20:28,96,81050411.0,-25.482982,-49.305864,NÃO,09:22:19
81050411.0,-25.482982,-49.305864,1,09:23:31,60,81305650.0,-25.5010554166774,-49.3233459999556,NÃO,09:25:54
81305650.0,-25.5010554166774,-49.3233459999556,1,09:27:06,52,81880240.0,-25.5404745077498,-49.2975794776044,NÃO,09:32:09
81880240.0,-25.5404745077498,-49.2975794776044,1,09:33:21,60,81935303.0,-25.5548054287395,-49.2658406002244,NÃO,09:36:39
81935303.0,-25.5548054287395,-49.2658406002244,1,09:37:51,80,81830580.0,-25.525272804958,-49.2599985858237,SIM,09:40:42
81830580.0,-25.525272804958,-49.2599985858237,1,09:41:54,76,81590576.0,-25.4942162501529,-49.2012669496276,NÃO,09:47:38
81590576.0,-25.4942162501529,-49.2012669496276,1,09:48:50,60,81590340.0,-25.486945243492,-49.2043714494834,NÃO,09:49:52
81590340.0,-25.486945243492,-49.2043714494834,1,09:51:04,48,81720360.0,-25.5259885359266,-49.2525244997371,NÃO,09:58:10
81720360.0,-25.5259885359266,-49.2525244997371,1,09:59:22,84,81925567.0,-25.5516863820233,-49.2689271518567,NÃO,10:01:31
81925567.0,-25.5516863820233,-49.2689271518567,1,10:02:43,60,81900560.0,-25.5386532636233,-49.2709988129397,NÃO,10:04:11
81900560.0,-25.5386532636233,-49.2709988129397,1,10:05:23,60,81910390.0,-25.5316857069475,-49.261658650228,NÃO,10:06:36
81910390.0,-25.5316857069475,-49.261658650228,1,10:07:48,60,81570240.0,-25.4811182084669,-49.2271006252739,NÃO,10:14:25
81570240.0,-25.4811182084669,-49.2271006252739,1,10:15:37,60,81570360.0,-25.4857325221308,-49.2299521315212,NÃO,10:16:13
81570360.0,-25.4857325221308,-49.2299521315212,1,10:17:25,60,81750280.0,-25.5127671393955,-49.2444025714353,NÃO,10:20:46
81750280.0,-25.5127671393955,-49.2444025714353,1,10:21:58,52,81520300.0,-25.4623570695212,-49.2422078636873,NÃO,10:28:27
81520300.0,-25.4623570695212,-49.2422078636873,1,10:29:39,60,81130330.0,-25.5102533750322,-49.3062616741933,NÃO,10:38:00
81130330.0,-25.5102533750322,-49.3062616741933,1,10:39:12,60,81110240.0,-25.5012202607084,-49.2880626203316,NÃO,10:41:18
81110240.0,-25.5012202607084,-49.2880626203316,1,10:42:30,48,81450195.0,-25.4997584943394,-49.3532384355102,NÃO,10:50:41
81450195.0,-25.4997584943394,-49.3532384355102,1,10:51:53,36,81450520.0,-25.4951670667098,-49.3442928001987,NÃO,10:53:37
81450520.0,-25.4951670667098,-49.3442928001987,1,10:54:49,60,81450310.0,-25.4928927891057,-49.3482807107009,NÃO,10:55:18
81450310.0,-25.4928927891057,-49.3482807107009,1,10:56:30,64,81450140.0,-25.4974735953017,-49.3493514288727,NÃO,10:57:00
81450140.0,-25.4974735953017,-49.3493514288727,1,10:58:12,60,81110330.0,-25.5042910428287,-49.2847716627966,NÃO,11:04:44
81110330.0,-25.5042910428287,-49.2847716627966,1,11:05:56,84,81170370.0,-25.514465668778,-49.3258065209142,NÃO,11:09:00
81170370.0,-25.514465668778,-49.3258065209142,1,11:10:12,36,81315685.0,-25.5115270000027,-49.3255583333193,NÃO,11:10:45
81315685.0,-25.5115270000027,-49.3255583333193,1,11:11:57,80,80330250.0,-25.4685255880972,-49.3077515647853,NÃO,11:15:47
80330250.0,-25.4685255880972,-49.3077515647853,1,11:16:59,56,80330120.0,-25.4711980670357,-49.3106388116797,NÃO,11:17:26
80330120.0,-25.4711980670357,-49.3106388116797,1,11:18:38,84,81030380.0,-25.4878438322257,-49.2772121864255,NÃO,11:21:23
81030380.0,-25.4878438322257,-49.2772121864255,1,11:22:35,68,81825210.0,-25.5262738689431,-49.2736153558222,SIM,11:26:23
81825210.0,-25.5262738689431,-49.2736153558222,1,11:27:35,60,81460235.0,-25.5296041641745,-49.3384583258202,NÃO,11:34:07
81460235.0,-25.5296041641745,-49.3384583258202,1,11:35:19,88,81870352.0,-25.5241770000303,-49.2937684998992,NÃO,11:38:25
81870352.0,-25.5241770000303,-49.2937684998992,1,11:39:37,88,81940210.0,-25.5603014782721,-49.2872240368535,NÃO,11:42:24
81940210.0,-25.5603014782721,-49.2872240368535,1,11:43:36,36,81870310.0,-25.524150444185,-49.290210168982,NÃO,11:50:20
81870310.0,-25.524150444185,-49.290210168982,1,11:51:32,88,81480170.0,-25.5633003333374,-49.3185828888561,NÃO,11:55:05
81480170.0,-25.5633003333374,-49.3185828888561,1,11:56:17,56,81490620.0,-25.6132684714507,-49.3349370738516,NÃO,12:02:30
81490620.0,-25.6132684714507,-49.3349370738516,1,12:03:42,92,81910230.0,-25.5278877309024,-49.2672872891657,NÃO,12:11:38
81910230.0,-25.5278877309024,-49.2672872891657,1,12:12:50,92,81150120.0,-25.5170223068465,-49.3040621642926,NÃO,12:15:13
81150120.0,-25.5170223068465,-49.3040621642926,1,12:16:25,60,81050637.0,-25.4835295000015,-49.3145007999984,NÃO,12:20:10
81050637.0,-25.4835295000015,-49.3145007999984,1,12:21:22,56,81070310.0,-25.4777156282764,-49.3079769301493,NÃO,12:22:27
81070310.0,-25.4777156282764,-49.3079769301493,1,12:23:39,60,80610300.0,-25.463999400884,-49.2889687454307,NÃO,12:26:19
80610300.0,-25.463999400884,-49.2889687454307,1,12:27:31,60,81220100.0,-25.4557352095908,-49.3256450071633,NÃO,12:30:57
81220100.0,-25.4557352095908,-49.3256450071633,1,12:32:09,60,81050610.0,-25.4838938211145,-49.3106146746474,NÃO,12:35:47
81050610.0,-25.4838938211145,-49.3106146746474,1,12:36:59,76,81250720.0,-25.4815524899573,-49.3385838295334,NÃO,12:39:02
81250720.0,-25.4815524899573,-49.3385838295334,1,12:40:14,84,81350713.0,-25.496557235688,-49.3371662352983,NÃO,12:41:27
81350713.0,-25.496557235688,-49.3371662352983,1,12:42:39,60,81312000.0,-25.5030856483401,-49.3152229520216,NÃO,12:45:15
81312000.0,-25.5030856483401,-49.3152229520216,1,12:46:27,84,81260210.0,-25.4862514891775,-49.350391101116,NÃO,12:49:08
81260210.0,-25.4862514891775,-49.350391101116,1,12:50:20,80,81230560.0,-25.4618345263762,-49.3467354210512,NÃO,12:52:25
81230560.0,-25.4618345263762,-49.3467354210512,1,12:53:37,60,81020420.0,-25.4920196819718,-49.2840872729491,NÃO,13:01:30
81020420.0,-25.4920196819718,-49.2840872729491,1,13:02:42,60,81590578.0,-25.4926040000053,-49.2000059999854,SIM,13:11:09
81590578.0,-25.4926040000053,-49.2000059999854,1,13:12:21,72,81590210.0,-25.4814447782289,-49.198611250503,NÃO,13:13:24
81590210.0,-25.4814447782289,-49.198611250503,1,13:14:36,60,81580050.0,-25.4911705040405,-49.228041043675,NÃO,13:17:45
81580050.0,-25.4911705040405,-49.228041043675,1,13:18:57,84,81650170.0,-25.4968831947737,-49.2251870078443,NÃO,13:19:27
81650170.0,-25.4968831947737,-49.2251870078443,1,13:20:39,96,81920747.0,-25.5329949004335,-49.2526856997565,NÃO,13:23:42
81920747.0,-25.5329949004335,-49.2526856997565,1,13:24:54,84,81910570.0,-25.5339269047986,-49.2586402382427,NÃO,13:25:20
81910570.0,-25.5339269047986,-49.2586402382427,1,13:26:32,60,81910030.0,-25.5361378385276,-49.2685374132639,NÃO,13:27:34
81910030.0,-25.5361378385276,-49.2685374132639,1,13:28:46,96,81935050.0,-25.555508412277,-49.2544885303963,NÃO,13:30:23
81935050.0,-25.555508412277,-49.2544885303963,1,13:31:35,60,81930367.0,-25.5617914350131,-49.2710241313602,NÃO,13:33:23
81930367.0,-25.5617914350131,-49.2710241313602,1,13:34:35,60,81470290.0,-25.5737515550149,-49.3412589936849,NÃO,13:41:46
81470290.0,-25.5737515550149,-49.3412589936849,1,13:42:58,60,81570010.0,-25.4740384750357,-49.2379956248079,NÃO,13:58:09
81570010.0,-25.4740384750357,-49.2379956248079,1,13:59:21,72,80010200.0,-25.4499691308346,-49.2748090324017,NÃO,14:03:10
80010200.0,-25.4499691308346,-49.2748090324017,1,14:04:22,60,80045340.0,-25.4273942123959,-49.2452352041218,NÃO,14:08:16
80045340.0,-25.4273942123959,-49.2452352041218,1,14:09:28,88,80030430.0,-25.4146322176159,-49.2550561883948,NÃO,14:10:39
80030430.0,-25.4146322176159,-49.2550561883948,1,14:11:51,80,80510360.0,-25.4193944591681,-49.2858097118247,NÃO,14:14:13
80510360.0,-25.4193944591681,-49.2858097118247,1,14:15:25,60,80030010.0,-25.424164,-49.266866,NÃO,14:17:24
80030010.0,-25.424164,-49.266866,1,14:18:36,96,80530040.0,-25.4219925091123,-49.2723748799989,NÃO,14:18:59
80530040.0,-25.4219925091123,-49.2723748799989,1,14:20:11,60,82960200.0,-25.468586333766,-49.2107938551622,NÃO,14:28:16
82960200.0,-25.468586333766,-49.2107938551622,1,14:29:28,76,82960472.0,-25.4657194667099,-49.212058299976,NÃO,14:29:45
82960472.0,-25.4657194667099,-49.212058299976,1,14:30:57,60,81550315.0,-25.4881320075695,-49.208315008611,NÃO,14:33:29
81550315.0,-25.4881320075695,-49.208315008611,1,14:34:41,48,82990198.0,-25.4560595000466,-49.1987434093442,NÃO,14:39:19
82990198.0,-25.4560595000466,-49.1987434093442,1,14:40:31,88,82980600.0,-25.4666337593647,-49.1916779820241,NÃO,14:41:28
82980600.0,-25.4666337593647,-49.1916779820241,1,14:42:40,72,82990150.0,-25.4599432722975,-49.1940915354714,NÃO,14:43:20
82990150.0,-25.4599432722975,-49.1940915354714,1,14:44:32,88,81560250.0,-25.4891353622078,-49.2181798796427,NÃO,14:47:18
81560250.0,-25.4891353622078,-49.2181798796427,1,14:48:30,88,81550490.0,-25.4924960602498,-49.2054049266086,NÃO,14:49:25
81550490.0,-25.4924960602498,-49.2054049266086,1,14:50:37,88,81550430.0,-25.4903390577391,-49.20628701026,NÃO,14:50:48
81550430.0,-25.4903390577391,-49.20628701026,1,14:52:00,88,81770140.0,-25.5277922333666,-49.2459991910781,NÃO,14:55:56
81770140.0,-25.5277922333666,-49.2459991910781,1,14:57:08,88,81935446.0,-25.5561318634792,-49.2494041568186,NÃO,14:59:18
81935446.0,-25.5561318634792,-49.2494041568186,1,15:00:30,88,81920735.0,-25.5391678846873,-49.2615212690534,NÃO,15:02:04
81920735.0,-25.5391678846873,-49.2615212690534,1,15:03:16,88,81910550.0,-25.5343119298378,-49.2590953391986,SIM,15:03:45
81910550.0,-25.5343119298378,-49.2590953391986,1,15:04:57,88,81920230.0,-25.540158846702,-49.2654606035168,NÃO,15:05:29
81920230.0,-25.540158846702,-49.2654606035168,1,15:06:41,88,81850680.0,-25.54320816435,-49.242931161733,NÃO,15:08:24
81850680.0,-25.54320816435,-49.242931161733,1,15:09:36,48,81935437.0,-25.5569929167696,-49.2495865835216,NÃO,15:11:14
81935437.0,-25.5569929167696,-49.2495865835216,1,15:12:26,88,81935113.0,-25.5499175384761,-49.253610923113,NÃO,15:13:04
81935113.0,-25.5499175384761,-49.253610923113,1,15:14:16,84,81910160.0,-25.530759191602,-49.2694617027723,NÃO,15:16:12
81910160.0,-25.530759191602,-49.2694617027723,1,15:17:24,88,81650050.0,-25.4935107881037,-49.2359919665457,NÃO,15:21:46
81650050.0,-25.4935107881037,-49.2359919665457,1,15:22:58,88,81510390.0,-25.4685143295265,-49.2421165124832,NÃO,15:25:05
81510390.0,-25.4685143295265,-49.2421165124832,1,15:26:17,88,81010130.0,-25.4764195588417,-49.273155691529,NÃO,15:28:13
81010130.0,-25.4764195588417,-49.273155691529,1,15:29:25,88,80030200.0,-25.4196624320568,-49.2602838398977,NÃO,15:34:30
80030200.0,-25.4196624320568,-49.2602838398977,1,15:35:42,92,80010160.0,-25.3975876007521,-49.2498549128683,NÃO,15:37:45
80010160.0,-25.3975876007521,-49.2498549128683,1,15:38:57,88,80540290.0,-25.4060056184402,-49.2667691092792,NÃO,15:40:06
80540290.0,-25.4060056184402,-49.2667691092792,1,15:41:18,88,80810200.0,-25.411751607072,-49.288206501747,NÃO,15:42:38
80810200.0,-25.411751607072,-49.288206501747,1,15:43:50,96,80440090.0,-25.4443285001079,-49.2916224997606,NÃO,15:45:52
80440090.0,-25.4443285001079,-49.2916224997606,1,15:47:04,96,82015640.0,-25.4165571631868,-49.3376898347165,NÃO,15:50:25
82015640.0,-25.4165571631868,-49.3376898347165,1,15:51:37,88,82310433.0,-25.43107,-49.372483,NÃO,15:53:53
82310433.0,-25.43107,-49.372483,1,15:55:05,68,81330400.0,-25.488124875843,-49.3264242140685,NÃO,16:01:39
81330400.0,-25.488124875843,-49.3264242140685,1,16:02:51,88,81490010.0,-25.6154928550559,-49.3537353191769,NÃO,16:12:42
81490010.0,-25.6154928550559,-49.3537353191769,1,16:13:54,88,81490398.0,-25.5963908362783,-49.3358913045797,NÃO,16:15:48
81490398.0,-25.5963908362783,-49.3358913045797,1,16:17:00,96,81935474.0,-25.5506130891455,-49.245334911631,NÃO,16:23:31
81935474.0,-25.5506130891455,-49.245334911631,1,16:24:43,72,81480125.0,-25.5614706374337,-49.3118706658535,NÃO,16:30:23
81480125.0,-25.5614706374337,-49.3118706658535,1,16:31:35,88,81900670.0,-25.5457748986399,-49.2827186530876,NÃO,16:33:55
81900670.0,-25.5457748986399,-49.2827186530876,1,16:35:07,88,81330620.0,-25.4883481133979,-49.3345923101625,NÃO,16:40:45
81330620.0,-25.4883481133979,-49.3345923101625,1,16:41:57,88,81240490.0,-25.4789005295822,-49.3358291909315,NÃO,16:42:41
81240490.0,-25.4789005295822,-49.3358291909315,1,16:43:53,64,81330220.0,-25.4843712333489,-49.3355483883407,NÃO,16:44:28
81330220.0,-25.4843712333489,-49.3355483883407,1,16:45:40,52,81280190.0,-25.4369027676958,-49.3594793608748,SIM,16:52:22
81280190.0,-25.4369027676958,-49.3594793608748,1,16:53:34,88,82310354.0,-25.428940781271,-49.3504773749079,NÃO,16:54:26
82310354.0,-25.428940781271,-49.3504773749079,1,16:55:38,88,80730430.0,-25.430157,-49.293614,NÃO,16:59:32
80730430.0,-25.430157,-49.293614,1,17:00:44,88,80820500.0,-25.4107702686398,-49.3021048645381,NÃO,17:02:19
80820500.0,-25.4107702686398,-49.3021048645381,1,17:03:31,40,82115020.0,-25.3852616256441,-49.2858709374701,NÃO,17:08:26
82115020.0,-25.3852616256441,-49.2858709374701,1,17:09:38,88,80520550.0,-25.403621771614,-49.2770964271839,NÃO,17:11:09
80520550.0,-25.403621771614,-49.2770964271839,1,17:12:21,84,82600640.0,-25.3981885762214,-49.2162511520761,NÃO,17:16:45
82600640.0,-25.3981885762214,-49.2162511520761,1,17:17:57,88,80045265.0,-25.430376,-49.248243,NÃO,17:21:14
80045265.0,-25.430376,-49.248243,1,17:22:26,88,80035230.0,-25.4008064386385,-49.2512257402299,NÃO,17:24:42
80035230.0,-25.4008064386385,-49.2512257402299,1,17:25:54,96,82620150.0,-25.3843628304926,-49.2203917399179,NÃO,17:28:09
82620150.0,-25.3843628304926,-49.2203917399179,1,17:29:21,96,82840120.0,-25.4055829533743,-49.2167226661471,NÃO,17:30:51
82840120.0,-25.4055829533743,-49.2167226661471,1,17:32:03,88,82840140.0,-25.4035558681452,-49.2092009936114,NÃO,17:32:36
82840140.0,-25.4035558681452,-49.2092009936114,1,17:33:48,56,82930428.0,-25.4555670002028,-49.2033254441496,NÃO,17:40:02
82930428.0,-25.4555670002028,-49.2033254441496,1,17:41:14,88,81560730.0,-25.476983000057,-49.2242420001757,NÃO,17:43:24
81560730.0,-25.476983000057,-49.2242420001757,1,17:44:36,96,81590577.0,-25.4923383333506,-49.2002912221858,NÃO,17:46:27
81590577.0,-25.4923383333506,-49.2002912221858,1,17:47:39,80,82930390.0,-25.4608672106041,-49.2047594214569,NÃO,17:50:18
82930390.0,-25.4608672106041,-49.2047594214569,1,17:51:30,40,82920090.0,-25.4493406843058,-49.2065936315104,NÃO,17:53:27
82920090.0,-25.4493406843058,-49.2065936315104,1,17:54:39,40,82930000.0,-25.4522168930604,-49.2076848688181,NÃO,17:55:10
82930000.0,-25.4522168930604,-49.2076848688181,1,17:56:22,88,81580179.0,-25.4968867857253,-49.2235692856984,NÃO,17:59:56
81580179.0,-25.4968867857253,-49.2235692856984,1,18:01:08,88,81030100.0,-25.4832995440473,-49.2706444334036,NÃO,18:04:15
81030100.0,-25.4832995440473,-49.2706444334036,1,18:05:27,80,81320083.0,-25.4770955000105,-49.3183277499707,NÃO,18:08:45
81320083.0,-25.4770955000105,-49.3183277499707,1,18:09:57,92,82315100.0,-25.4138947234128,-49.3562615743809,NÃO,18:14:57
82315100.0,-25.4138947234128,-49.3562615743809,1,18:16:09,88,82400380.0,-25.3939611290747,-49.3559660424619,NÃO,18:17:40
82400380.0,-25.3939611290747,-49.3559660424619,1,18:18:52,48,82320230.0,-25.4021230003188,-49.3423791541151,NÃO,18:21:15
82320230.0,-25.4021230003188,-49.3423791541151,1,18:22:27,64,82300430.0,-25.4211195918941,-49.3463656911546,NÃO,18:24:25
82300430.0,-25.4211195918941,-49.3463656911546,1,18:25:37,88,82320460.0,-25.4077602271442,-49.3507954592113,NÃO,18:26:39
82320460.0,-25.4077602271442,-49.3507954592113,1,18:27:51,88,80540140.0,-25.4021061827475,-49.2605236422368,NÃO,18:34:41
80540140.0,-25.4021061827475,-49.2605236422368,1,18:35:53,88,82220610.0,-25.3725747859642,-49.2682819283134,NÃO,18:38:08
82220610.0,-25.3725747859642,-49.2682819283134,1,18:39:20,68,82100440.0,-25.3942804783177,-49.2932765649519,NÃO,18:42:10
82100440.0,-25.3942804783177,-49.2932765649519,1,18:43:22,88,82010390.0,-25.4282395714462,-49.3275682857714,SIM,18:46:39
82010390.0,-25.4282395714462,-49.3275682857714,1,18:47:51,88,81230392.0,-25.4603003707953,-49.340657573102,NÃO,18:50:22
81230392.0,-25.4603003707953,-49.340657573102,1,18:51:34,88,81170662.0,-25.5172792272985,-49.3183728182903,NÃO,18:56:17
81170662.0,-25.5172792272985,-49.3183728182903,1,18:57:29,60,81250610.0,-25.4933426909383,-49.3409114723655,NÃO,19:00:41
81250610.0,-25.4933426909383,-49.3409114723655,2,06:00:00,88,81452040.0,-25.4998370213564,-49.3545044201704,NÃO,06:01:11
81452040.0,-25.4998370213564,-49.3545044201704,2,06:02:23,88,81220090.0,-25.4539760939031,-49.3149024143145,NÃO,06:06:22
81220090.0,-25.4539760939031,-49.3149024143145,2,06:07:34,88,81280125.0,-25.4406127564945,-49.3601132684004,NÃO,06:10:59
81280125.0,-25.4406127564945,-49.3601132684004,2,06:12:11,88,81280048.0,-25.4357441112655,-49.361230111158,NÃO,06:12:33
81280048.0,-25.4357441112655,-49.361230111158,2,06:13:45,84,80810070.0,-25.4171734750828,-49.2912702953003,NÃO,06:18:30
80810070.0,-25.4171734750828,-49.2912702953003,2,06:19:42,96,80710350.0,-25.4333576000608,-49.3086768002282,NÃO,06:21:27
80710350.0,-25.4333576000608,-49.3086768002282,2,06:22:39,92,80510325.0,-25.4198156998607,-49.2790781765687,NÃO,06:24:38
80510325.0,-25.4198156998607,-49.2790781765687,2,06:25:50,44,82100470.0,-25.3984034918396,-49.2952852364297,NÃO,06:29:33
82100470.0,-25.3984034918396,-49.2952852364297,2,06:30:45,88,80740199.0,-25.4437465384921,-49.3130473847111,NÃO,06:34:48
80740199.0,-25.4437465384921,-49.3130473847111,2,06:36:00,88,80710390.0,-25.43427248628,-49.3055074800751,NÃO,06:36:48
80710390.0,-25.43427248628,-49.3055074800751,2,06:38:00,88,82100270.0,-25.4014680627492,-49.2883068119821,NÃO,06:40:30
82100270.0,-25.4014680627492,-49.2883068119821,2,06:41:42,80,80710600.0,-25.4224698510365,-49.3006978054742,NÃO,06:43:57
80710600.0,-25.4224698510365,-49.3006978054742,2,06:45:09,88,82020560.0,-25.401157660715,-49.3241349981993,NÃO,06:47:25
82020560.0,-25.401157660715,-49.3241349981993,2,06:48:37,88,82015100.0,-25.4177303741766,-49.3254408265132,NÃO,06:50:00
82015100.0,-25.4177303741766,-49.3254408265132,2,06:51:12,88,81270220.0,-25.4591060306723,-49.3531713829059,NÃO,06:55:18
81270220.0,-25.4591060306723,-49.3531713829059,2,06:56:30,80,81350712.0,-25.4960801542241,-49.3371847691929,NÃO,06:59:58
81350712.0,-25.4960801542241,-49.3371847691929,2,07:01:10,84,81480141.0,-25.5562061667039,-49.3231896667236,NÃO,07:06:03
81480141.0,-25.5562061667039,-49.3231896667236,2,07:07:15,64,81470055.0,-25.5630048148415,-49.3383968771216,NÃO,07:08:51
81470055.0,-25.5630048148415,-49.3383968771216,2,07:10:03,40,81470255.0,-25.569630444458,-49.3374921110026,NÃO,07:11:10
81470255.0,-25.569630444458,-49.3374921110026,2,07:12:22,88,81490360.0,-25.5959260714452,-49.3331487620149,NÃO,07:14:23
81490360.0,-25.5959260714452,-49.3331487620149,2,07:15:35,88,81470346.0,-25.5796239000291,-49.33524810001,NÃO,07:16:50
81470346.0,-25.5796239000291,-49.33524810001,2,07:18:02,76,81490370.0,-25.5945839118607,-49.3348460297419,NÃO,07:19:21
81490370.0,-25.5945839118607,-49.3348460297419,2,07:20:33,36,81945040.0,-25.6022235414387,-49.3138372232201,NÃO,07:24:21
81945040.0,-25.6022235414387,-49.3138372232201,2,07:25:33,88,81480050.0,-25.5639557671639,-49.3123860165859,NÃO,07:28:28
81480050.0,-25.5639557671639,-49.3123860165859,2,07:29:40,88,81935382.0,-25.5594363219748,-49.2516978436888,NÃO,07:33:50
81935382.0,-25.5594363219748,-49.2516978436888,2,07:35:02,88,81880380.0,-25.5395481532947,-49.2924784574248,SIM,07:38:13
81880380.0,-25.5395481532947,-49.2924784574248,2,07:39:25,88,81170065.0,-25.5110533750523,-49.3200841245732,NÃO,07:42:18
81170065.0,-25.5110533750523,-49.3200841245732,2,07:43:30,56,81460239.0,-25.5325141725804,-49.3365793791746,NÃO,07:46:37
81460239.0,-25.5325141725804,-49.3365793791746,2,07:47:49,88,81490562.0,-25.6007006282316,-49.3302336035246,NÃO,07:53:01
81490562.0,-25.6007006282316,-49.3302336035246,2,07:54:13,88,81480152.0,-25.5584308697738,-49.3207049341475,NÃO,07:57:30
81480152.0,-25.5584308697738,-49.3207049341475,2,07:58:42,48,81490400.0,-25.5959260793478,-49.3357867186009,NÃO,08:04:15
81490400.0,-25.5959260793478,-49.3357867186009,2,08:05:27,88,81470340.0,-25.5784518706724,-49.3362378687666,NÃO,08:06:47
81470340.0,-25.5784518706724,-49.3362378687666,2,08:07:59,88,81470089.0,-25.5687003611858,-49.3290482775162,NÃO,08:08:53
81470089.0,-25.5687003611858,-49.3290482775162,2,08:10:05,88,81470175.0,-25.567186531582,-49.3334716250438,NÃO,08:10:25
81470175.0,-25.567186531582,-49.3334716250438,2,08:11:37,88,81770160.0,-25.5296962833892,-49.244546883763,NÃO,08:18:20
81770160.0,-25.5296962833892,-49.244546883763,2,08:19:32,92,81940200.0,-25.5579957528383,-49.3005594977692,NÃO,08:23:45
81940200.0,-25.5579957528383,-49.3005594977692,2,08:24:57,88,81480160.0,-25.5588432106598,-49.3151440012031,NÃO,08:25:57
81480160.0,-25.5588432106598,-49.3151440012031,2,08:27:09,56,81250210.0,-25.4756844576971,-49.3473682666473,NÃO,08:37:39
81250210.0,-25.4756844576971,-49.3473682666473,2,08:38:51,88,81230395.0,-25.4630444265055,-49.340662832648,NÃO,08:39:55
81230395.0,-25.4630444265055,-49.340662832648,2,08:41:07,88,81250190.0,-25.4787356976141,-49.3477187290333,NÃO,08:42:25
81250190.0,-25.4787356976141,-49.3477187290333,2,08:43:37,88,81260350.0,-25.4831184667002,-49.3499515999385,NÃO,08:43:59
81260350.0,-25.4831184667002,-49.3499515999385,2,08:45:11,80,81220170.0,-25.4569440522711,-49.3221956960987,NÃO,08:48:13
81220170.0,-25.4569440522711,-49.3221956960987,2,08:49:25,88,82030020.0,-25.3946174297227,-49.3162606368294,NÃO,08:54:10
82030020.0,-25.3946174297227,-49.3162606368294,2,08:55:22,96,82220563.0,-25.3564836666715,-49.2790128333043,NÃO,08:58:55
82220563.0,-25.3564836666715,-49.2790128333043,2,09:00:07,88,82650230.0,-25.3772499488416,-49.2469517894625,NÃO,09:02:52
82650230.0,-25.3772499488416,-49.2469517894625,2,09:04:04,88,80040153.0,-25.4213319028677,-49.2481648998847,NÃO,09:06:56
80040153.0,-25.4213319028677,-49.2481648998847,2,09:08:08,88,80045160.0,-25.4227240373025,-49.257747950136,NÃO,09:08:42
80045160.0,-25.4227240373025,-49.257747950136,2,09:09:54,88,80820520.0,-25.4127105464884,-49.2963300390619,NÃO,09:12:21
80820520.0,-25.4127105464884,-49.2963300390619,2,09:13:33,88,80710040.0,-25.4214634286453,-49.3044615715174,NÃO,09:14:16
80710040.0,-25.4214634286453,-49.3044615715174,2,09:15:28,88,80230090.0,-25.4390390483783,-49.2723309760101,NÃO,09:18:07
80230090.0,-25.4390390483783,-49.2723309760101,2,09:19:19,80,81510040.0,-25.4602953492636,-49.2465827083158,NÃO,09:21:54
81510040.0,-25.4602953492636,-49.2465827083158,2,09:23:06,88,81510570.0,-25.4741691564102,-49.242520655745,NÃO,09:24:04
81510570.0,-25.4741691564102,-49.242520655745,2,09:25:16,88,81650080.0,-25.4844139677447,-49.2377486322425,NÃO,09:26:02
81650080.0,-25.4844139677447,-49.2377486322425,2,09:27:14,56,81830020.0,-25.5125646322447,-49.2675350633395,SIM,09:30:41
81830020.0,-25.5125646322447,-49.2675350633395,2,09:31:53,88,81670110.0,-25.4977016024349,-49.2505578410785,NÃO,09:33:58
81670110.0,-25.4977016024349,-49.2505578410785,2,09:35:10,88,81610020.0,-25.4773976954983,-49.2479963707565,NÃO,09:37:01
81610020.0,-25.4773976954983,-49.2479963707565,2,09:38:13,44,81580020.0,-25.4882127778241,-49.2241676667996,NÃO,09:42:02
81580020.0,-25.4882127778241,-49.2241676667996,2,09:43:14,88,81610090.0,-25.4829752828427,-49.2413676273212,NÃO,09:44:21
81610090.0,-25.4829752828427,-49.2413676273212,2,09:45:33,80,81030180.0,-25.4763519008138,-49.2647633349843,NÃO,09:47:11
81030180.0,-25.4763519008138,-49.2647633349843,2,09:48:23,88,81570092.0,-25.47733771481,-49.2394309559741,NÃO,09:50:24
81570092.0,-25.47733771481,-49.2394309559741,2,09:51:36,84,81010160.0,-25.4761700909245,-49.2756320910121,NÃO,09:53:50
81010160.0,-25.4761700909245,-49.2756320910121,2,09:55:02,88,81150330.0,-25.5222469145844,-49.3046045806688,NÃO,09:58:21
81150330.0,-25.5222469145844,-49.3046045806688,2,09:59:33,68,81450340.0,-25.4902346316319,-49.3486330527676,NÃO,10:04:15
81450340.0,-25.4902346316319,-49.3486330527676,2,10:05:27,88,81260160.0,-25.488209,-49.348703,NÃO,10:05:37
81260160.0,-25.488209,-49.348703,2,10:06:49,88,81450410.0,-25.4981067710058,-49.3448539613686,NÃO,10:07:37
81450410.0,-25.4981067710058,-49.3448539613686,2,10:08:49,96,81110070.0,-25.5038132404982,-49.2938690633352,NÃO,10:12:03
81110070.0,-25.5038132404982,-49.2938690633352,2,10:13:15,88,81935317.0,-25.5574814410697,-49.2659726298718,NÃO,10:17:45
81935317.0,-25.5574814410697,-49.2659726298718,2,10:18:57,72,81920500.0,-25.5428123134011,-49.2544219342922,NÃO,10:20:38
81920500.0,-25.5428123134011,-49.2544219342922,2,10:21:50,88,81820330.0,-25.5169970179923,-49.2724628977617,NÃO,10:24:09
81820330.0,-25.5169970179923,-49.2724628977617,2,10:25:21,88,81925578.0,-25.5519935625411,-49.267926124915,NÃO,10:28:02
81925578.0,-25.5519935625411,-49.267926124915,2,10:29:14,88,81260412.0,-25.4811505865638,-49.3545312407406,NÃO,10:37:14
81260412.0,-25.4811505865638,-49.3545312407406,2,10:38:26,88,81265330.0,-25.4702238422545,-49.3713250851996,NÃO,10:39:52
81265330.0,-25.4702238422545,-49.3713250851996,2,10:41:04,76,80730450.0,-25.4295930000255,-49.2924205417543,NÃO,10:48:17
80730450.0,-25.4295930000255,-49.2924205417543,2,10:49:29,88,80050440.0,-25.4325298004091,-49.2411146661928,NÃO,10:53:01
80050440.0,-25.4325298004091,-49.2411146661928,2,10:54:13,88,82520040.0,-25.413549500017,-49.2301156541579,NÃO,10:55:51
82520040.0,-25.413549500017,-49.2301156541579,2,10:57:03,80,82640710.0,-25.3761139167061,-49.2360147500568,NÃO,11:00:13
82640710.0,-25.3761139167061,-49.2360147500568,2,11:01:25,80,82130580.0,-25.3655056873644,-49.280654645349,NÃO,11:04:54
82130580.0,-25.3655056873644,-49.280654645349,2,11:06:06,88,80810020.0,-25.4179269867733,-49.2959062863188,NÃO,11:10:13
80810020.0,-25.4179269867733,-49.2959062863188,2,11:11:25,88,80820310.0,-25.4086845373433,-49.2906611455039,NÃO,11:12:13
80820310.0,-25.4086845373433,-49.2906611455039,2,11:13:25,88,80010010.0,-25.4267759520353,-49.2679877486134,NÃO,11:15:30
80010010.0,-25.4267759520353,-49.2679877486134,2,11:16:42,88,82130162.0,-25.3808898753791,-49.2691345002354,SIM,11:20:11
82130162.0,-25.3808898753791,-49.2691345002354,2,11:21:23,96,82710330.0,-25.3530998572423,-49.2583428932106,NÃO,11:23:26
82710330.0,-25.3530998572423,-49.2583428932106,2,11:24:38,60,82710082.0,-25.3647667288143,-49.2518749086381,NÃO,11:26:06
82710082.0,-25.3647667288143,-49.2518749086381,2,11:27:18,52,82025060.0,-25.4094383254911,-49.3098019002186,NÃO,11:36:08
82025060.0,-25.4094383254911,-49.3098019002186,2,11:37:20,36,80250085.0,-25.4428916686675,-49.2805507832172,NÃO,11:45:14
80250085.0,-25.4428916686675,-49.2805507832172,2,11:46:26,88,82220133.0,-25.3760098333463,-49.2639595000711,NÃO,11:51:38
82220133.0,-25.3760098333463,-49.2639595000711,2,11:52:50,88,82710320.0,-25.3550854904869,-49.2588717776273,NÃO,11:54:28
82710320.0,-25.3550854904869,-49.2588717776273,2,11:55:40,88,82720240.0,-25.3649974344476,-49.2309054649185,NÃO,11:57:44
82720240.0,-25.3649974344476,-49.2309054649185,2,11:58:56,84,82700410.0,-25.3740192069561,-49.2513782763024,NÃO,12:00:35
82700410.0,-25.3740192069561,-49.2513782763024,2,12:01:47,76,81200030.0,-25.4339218572309,-49.3305021428569,NÃO,12:09:33
81200030.0,-25.4339218572309,-49.3305021428569,2,12:10:45,88,82015110.0,-25.4160406938864,-49.3250852303798,NÃO,12:12:00
82015110.0,-25.4160406938864,-49.3250852303798,2,12:13:12,88,81260430.0,-25.4650355019742,-49.3605952475877,NÃO,12:17:45
81260430.0,-25.4650355019742,-49.3605952475877,2,12:18:57,84,81452334.0,-25.5061884000766,-49.3539056000423,NÃO,12:22:58
81452334.0,-25.5061884000766,-49.3539056000423,2,12:24:10,92,81260470.0,-25.4878793333939,-49.3499858333103,NÃO,12:25:22
81260470.0,-25.4878793333939,-49.3499858333103,2,12:26:34,80,81170755.0,-25.5160188418949,-49.3308090343913,NÃO,12:30:12
81170755.0,-25.5160188418949,-49.3308090343913,2,12:31:24,48,81250482.0,-25.4865966553425,-49.3378683447999,NÃO,12:34:28
81250482.0,-25.4865966553425,-49.3378683447999,2,12:35:40,88,81320290.0,-25.4748252660661,-49.3107362306741,NÃO,12:37:51
81320290.0,-25.4748252660661,-49.3107362306741,2,12:39:03,72,81150130.0,-25.5161805037496,-49.3043711084487,NÃO,12:43:54
81150130.0,-25.5161805037496,-49.3043711084487,2,12:45:06,44,81810492.0,-25.5044000000137,-49.2718504999625,NÃO,12:50:19
81810492.0,-25.5044000000137,-49.2718504999625,2,12:51:31,88,81130270.0,-25.5076616583274,-49.3009496047833,NÃO,12:53:16
81130270.0,-25.5076616583274,-49.3009496047833,2,12:54:28,36,81470370.0,-25.5778784839382,-49.3341110960705,SIM,13:09:27
81470370.0,-25.5778784839382,-49.3341110960705,2,13:10:39,88,81480216.0,-25.5592031642591,-49.3274865425991,NÃO,13:12:09
81480216.0,-25.5592031642591,-49.3274865425991,2,13:13:21,76,81470300.0,-25.575776177431,-49.3365443994341,NÃO,13:14:59
81470300.0,-25.575776177431,-49.3365443994341,2,13:16:11,88,81470256.0,-25.569416591018,-49.337872181861,NÃO,13:16:41
81470256.0,-25.569416591018,-49.337872181861,2,13:17:53,88,81490280.0,-25.5975675014877,-49.3235433911466,NÃO,13:20:14
81490280.0,-25.5975675014877,-49.3235433911466,2,13:21:26,88,81350607.0,-25.5098119631631,-49.3366327775834,NÃO,13:28:09
81350607.0,-25.5098119631631,-49.3366327775834,2,13:29:21,88,82310380.0,-25.4271679351543,-49.3574755107166,NÃO,13:35:47
82310380.0,-25.4271679351543,-49.3574755107166,2,13:36:59,92,80820650.0,-25.4121630005226,-49.3068074987427,NÃO,13:40:29
80820650.0,-25.4121630005226,-49.3068074987427,2,13:41:41,88,80820480.0,-25.4089459015341,-49.3017935380524,NÃO,13:42:07
80820480.0,-25.4089459015341,-49.3017935380524,2,13:43:19,88,82020770.0,-25.4035799002893,-49.3165390673192,NÃO,13:44:25
82020770.0,-25.4035799002893,-49.3165390673192,2,13:45:37,88,82320340.0,-25.399199941043,-49.3477109219031,NÃO,13:47:47
82320340.0,-25.399199941043,-49.3477109219031,2,13:48:59,88,82025101.0,-25.4089804447922,-49.3131316666906,NÃO,13:51:28
82025101.0,-25.4089804447922,-49.3131316666906,2,13:52:40,88,82015720.0,-25.4187128462549,-49.3341400767781,NÃO,13:54:18
82015720.0,-25.4187128462549,-49.3341400767781,2,13:55:30,88,82400000.0,-25.4008242454259,-49.335596235314,NÃO,13:56:52
82400000.0,-25.4008242454259,-49.335596235314,2,13:58:04,88,82410316.0,-25.3849215000131,-49.328439749977,NÃO,13:59:23
82410316.0,-25.3849215000131,-49.328439749977,2,14:00:35,88,82130470.0,-25.3763584193723,-49.2754817420857,NÃO,14:04:17
82130470.0,-25.3763584193723,-49.2754817420857,2,14:05:29,88,82210230.0,-25.3823373333611,-49.2634891111916,NÃO,14:06:26
82210230.0,-25.3823373333611,-49.2634891111916,2,14:07:38,88,82510100.0,-25.409050749392,-49.2385843936,NÃO,14:10:17
82510100.0,-25.409050749392,-49.2385843936,2,14:11:29,68,80060170.0,-25.4278721677395,-49.2593020468696,NÃO,14:14:06
80060170.0,-25.4278721677395,-49.2593020468696,2,14:15:18,88,82100620.0,-25.3924350555573,-49.3027649999663,NÃO,14:19:19
82100620.0,-25.3924350555573,-49.3027649999663,2,14:20:31,88,82200440.0,-25.393875587652,-49.2639951894228,NÃO,14:23:11
82200440.0,-25.393875587652,-49.2639951894228,2,14:24:23,88,82130282.0,-25.3808727224324,-49.2743298330015,NÃO,14:25:36
82130282.0,-25.3808727224324,-49.2743298330015,2,14:26:48,88,82200200.0,-25.3904101875436,-49.2691160623079,NÃO,14:27:37
82200200.0,-25.3904101875436,-49.2691160623079,2,14:28:49,84,82220142.0,-25.3755612295988,-49.2640974005018,NÃO,14:30:03
82220142.0,-25.3755612295988,-49.2640974005018,2,14:31:15,88,82700540.0,-25.3703488003616,-49.2570179996848,NÃO,14:31:53
82700540.0,-25.3703488003616,-49.2570179996848,2,14:33:05,56,82220470.0,-25.3569461500704,-49.2736981005731,NÃO,14:35:30
82220470.0,-25.3569461500704,-49.2736981005731,2,14:36:42,88,82720410.0,-25.3531644337776,-49.232263242608,NÃO,14:39:34
82720410.0,-25.3531644337776,-49.232263242608,2,14:40:46,88,82640400.0,-25.3780721034646,-49.2387994310608,NÃO,14:42:43
82640400.0,-25.3780721034646,-49.2387994310608,2,14:43:55,88,82640640.0,-25.3715918782937,-49.2403618225252,NÃO,14:44:26
82640640.0,-25.3715918782937,-49.2403618225252,2,14:45:38,88,82560040.0,-25.385069922368,-49.2480647046834,NÃO,14:46:48
82560040.0,-25.385069922368,-49.2480647046834,2,14:48:00,88,82520150.0,-25.4121197273283,-49.2373089094202,NÃO,14:50:11
82520150.0,-25.4121197273283,-49.2373089094202,2,14:51:23,88,82520095.0,-25.4146626252933,-49.2400308757049,NÃO,14:51:40
82520095.0,-25.4146626252933,-49.2400308757049,2,14:52:52,88,82510514.0,-25.4130335000161,-49.2401459999717,NÃO,14:53:00
82510514.0,-25.4130335000161,-49.2401459999717,2,14:54:12,88,80060040.0,-25.4318069334388,-49.263280830672,NÃO,14:56:20
80060040.0,-25.4318069334388,-49.263280830672,2,14:57:32,88,80050435.0,-25.4305533081275,-49.2435107491958,NÃO,14:58:54
80050435.0,-25.4305533081275,-49.2435107491958,2,15:00:06,88,82530060.0,-25.425394880957,-49.2359359145395,NÃO,15:00:46
82530060.0,-25.425394880957,-49.2359359145395,2,15:01:58,88,82530380.0,-25.4300625729625,-49.2336060009616,NÃO,15:02:25
82530380.0,-25.4300625729625,-49.2336060009616,2,15:03:37,88,82860360.0,-25.3827108510463,-49.1953359321141,NÃO,15:07:58
82860360.0,-25.3827108510463,-49.1953359321141,2,15:09:10,44,82630100.0,-25.3812692780083,-49.2161803524462,NÃO,15:11:35
82630100.0,-25.3812692780083,-49.2161803524462,2,15:12:47,60,80220380.0,-25.4622493336364,-49.2552576680305,SIM,15:23:08
80220380.0,-25.4622493336364,-49.2552576680305,2,15:24:20,88,80320140.0,-25.4645330930821,-49.294537482629,NÃO,15:26:50
80320140.0,-25.4645330930821,-49.294537482629,2,15:28:02,96,80250220.0,-25.4401651682037,-49.2778677639266,NÃO,15:29:58
80250220.0,-25.4401651682037,-49.2778677639266,2,15:31:10,40,80410000.0,-25.4213661621413,-49.2875646174355,NÃO,15:33:57
80410000.0,-25.4213661621413,-49.2875646174355,2,15:35:09,88,81210070.0,-25.4427148131246,-49.3268133751402,NÃO,15:38:11
81210070.0,-25.4427148131246,-49.3268133751402,2,15:39:23,84,80240660.0,-25.4542530556284,-49.2916382221557,NÃO,15:42:25
80240660.0,-25.4542530556284,-49.2916382221557,2,15:43:37,88,81710380.0,-25.4967925893433,-49.2594143510465,NÃO,15:48:03
81710380.0,-25.4967925893433,-49.2594143510465,2,15:49:15,48,81020150.0,-25.4852090685074,-49.2875810685635,NÃO,15:52:28
81020150.0,-25.4852090685074,-49.2875810685635,2,15:53:40,88,81350320.0,-25.4992029361912,-49.3318588311607,NÃO,15:56:43
81350320.0,-25.4992029361912,-49.3318588311607,2,15:57:55,88,80310110.0,-25.4618760201347,-49.3131981040754,NÃO,16:00:53
80310110.0,-25.4618760201347,-49.3131981040754,2,16:02:05,88,81310370.0,-25.5005119473929,-49.3186624209516,NÃO,16:05:03
81310370.0,-25.5005119473929,-49.3186624209516,2,16:06:15,88,81330550.0,-25.4845347422664,-49.323856720273,NÃO,16:07:31
81330550.0,-25.4845347422664,-49.323856720273,2,16:08:43,92,81240110.0,-25.4758162194925,-49.3455733886983,NÃO,16:10:17
81240110.0,-25.4758162194925,-49.3455733886983,2,16:11:29,88,80320110.0,-25.4631702181385,-49.2942522954363,NÃO,16:15:08
80320110.0,-25.4631702181385,-49.2942522954363,2,16:16:20,36,81230480.0,-25.4646281053601,-49.3394493683984,NÃO,16:23:55
81230480.0,-25.4646281053601,-49.3394493683984,2,16:25:07,80,81450350.0,-25.4902280000456,-49.348047000162,NÃO,16:27:21
81450350.0,-25.4902280000456,-49.348047000162,2,16:28:33,88,81350686.0,-25.4936598469491,-49.3400481020638,NÃO,16:29:10
81350686.0,-25.4936598469491,-49.3400481020638,2,16:30:22,56,81170762.0,-25.51557721054,-49.3290638947933,NÃO,16:33:14
81170762.0,-25.51557721054,-49.3290638947933,2,16:34:26,56,81460210.0,-25.5323146848334,-49.3335573678969,NÃO,16:36:30
81460210.0,-25.5323146848334,-49.3335573678969,2,16:37:42,88,81490170.0,-25.5871765229344,-49.3233641230418,NÃO,16:41:56
81490170.0,-25.5871765229344,-49.3233641230418,2,16:43:08,88,81460140.0,-25.5504730020315,-49.3064697407443,NÃO,16:46:09
81460140.0,-25.5504730020315,-49.3064697407443,2,16:47:21,88,81110522.0,-25.5094403220237,-49.2915096538449,NÃO,16:50:38
81110522.0,-25.5094403220237,-49.2915096538449,2,16:51:50,88,81710590.0,-25.5021303917908,-49.2606525653797,NÃO,16:54:01
81710590.0,-25.5021303917908,-49.2606525653797,2,16:55:13,88,81610220.0,-25.4840165002992,-49.2455067502822,NÃO,16:56:57
81610220.0,-25.4840165002992,-49.2455067502822,2,16:58:09,88,82800310.0,-25.4363060856137,-49.2266446131255,NÃO,17:02:00
82800310.0,-25.4363060856137,-49.2266446131255,2,17:03:12,92,81510160.0,-25.4561970876697,-49.2447744337813,NÃO,17:05:05
81510160.0,-25.4561970876697,-49.2447744337813,2,17:06:17,88,81560480.0,-25.4932949091003,-49.2131369999224,NÃO,17:09:50
81560480.0,-25.4932949091003,-49.2131369999224,2,17:11:02,88,81560570.0,-25.4943561601417,-49.2107486004445,NÃO,17:11:13
81560570.0,-25.4943561601417,-49.2107486004445,2,17:12:25,88,81570001.0,-25.4825630317905,-49.2238324147895,SIM,17:13:41
81570001.0,-25.4825630317905,-49.2238324147895,2,17:14:53,92,82940170.0,-25.454631812,-49.2228321157173,NÃO,17:16:55
82940170.0,-25.454631812,-49.2228321157173,2,17:18:07,88,80045270.0,-25.4269458358083,-49.2498379452408,NÃO,17:20:55
80045270.0,-25.4269458358083,-49.2498379452408,2,17:22:07,88,82650060.0,-25.3808622827653,-49.242762203191,NÃO,17:25:39
82650060.0,-25.3808622827653,-49.242762203191,2,17:26:51,88,82650210.0,-25.3791995264108,-49.2479747365615,NÃO,17:27:14
82650210.0,-25.3791995264108,-49.2479747365615,2,17:28:26,92,82630290.0,-25.371866280235,-49.2091730004846,NÃO,17:31:02
82630290.0,-25.371866280235,-49.2091730004846,2,17:32:14,88,82600070.0,-25.3907411036522,-49.2112438117616,NÃO,17:33:41
82600070.0,-25.3907411036522,-49.2112438117616,2,17:34:53,88,82600750.0,-25.3958555000045,-49.2162615000035,NÃO,17:35:25
82600750.0,-25.3958555000045,-49.2162615000035,2,17:36:37,88,82820300.0,-25.4107437445588,-49.2017098689937,NÃO,17:38:08
82820300.0,-25.4107437445588,-49.2017098689937,2,17:39:20,84,82860400.0,-25.3861406843164,-49.1978955789077,NÃO,17:41:19
82860400.0,-25.3861406843164,-49.1978955789077,2,17:42:31,80,82820460.0,-25.4179465264684,-49.2222826851176,NÃO,17:45:45
82820460.0,-25.4179465264684,-49.2222826851176,2,17:46:57,88,82520590.0,-25.4131761050287,-49.2261971905551,NÃO,17:47:25
82520590.0,-25.4131761050287,-49.2261971905551,2,17:48:37,88,82650470.0,-25.3694403145923,-49.2428589272921,NÃO,17:52:08
82650470.0,-25.3694403145923,-49.2428589272921,2,17:53:20,88,82415070.0,-25.3666350000001,-49.3367376666649,NÃO,17:59:47
82415070.0,-25.3666350000001,-49.3367376666649,2,18:00:59,88,80820350.0,-25.4104868271504,-49.2948596739003,NÃO,18:05:24
80820350.0,-25.4104868271504,-49.2948596739003,2,18:06:36,88,80040150.0,-25.419191727292,-49.2505313635874,NÃO,18:09:34
80040150.0,-25.419191727292,-49.2505313635874,2,18:10:46,88,82990000.0,-25.4637044472508,-49.198121637253,NÃO,18:15:40
82990000.0,-25.4637044472508,-49.198121637253,2,18:16:52,56,81550240.0,-25.4774264375435,-49.2110857497498,NÃO,18:19:21
81550240.0,-25.4774264375435,-49.2110857497498,2,18:20:33,48,81590270.0,-25.4844592157371,-49.203473764438,NÃO,18:21:55
81590270.0,-25.4844592157371,-49.203473764438,2,18:23:07,96,81710300.0,-25.4995227903921,-49.2608604414495,NÃO,18:27:08
81710300.0,-25.4995227903921,-49.2608604414495,2,18:28:20,76,81850712.0,-25.5293962610013,-49.2571259563704,NÃO,18:31:08
81850712.0,-25.5293962610013,-49.2571259563704,2,18:32:20,72,81830300.0,-25.5229877082695,-49.2642839884632,NÃO,18:33:11
81830300.0,-25.5229877082695,-49.2642839884632,2,18:34:23,88,81010170.0,-25.4783570614136,-49.2757205974116,NÃO,18:37:43
81010170.0,-25.4783570614136,-49.2757205974116,2,18:38:55,92,80240550.0,-25.4533378888945,-49.3034312777902,NÃO,18:41:29
80240550.0,-25.4533378888945,-49.3034312777902,2,18:42:41,88,80510090.0,-25.4219078028813,-49.2805581841836,NÃO,18:45:20
80510090.0,-25.4219078028813,-49.2805581841836,2,18:46:32,80,82821020.0,-25.4233146347775,-49.2160678044742,NÃO,18:51:06
