CEP_inicial,Latitude_inicial,Longitude_inicial,Dia_do_voo,Hora_inicial,Velocidade,CEP_final,Latitude_final,Longitude_final,Pouso,Hora_final
82821020.0,-25.4233146347775,-49.2160678044742,1,06:00:00,92,82900480.0,-25.445789018659,-49.2173394258684,NÃO,06:01:35
82900480.0,-25.445789018659,-49.2173394258684,1,06:02:47,92,80510360.0,-25.4193944591681,-49.2858097118247,NÃO,06:07:57
80510360.0,-25.4193944591681,-49.2858097118247,1,06:09:09,76,80730270.0,-25.4395442941516,-49.3020722939492,NÃO,06:11:19
80730270.0,-25.4395442941516,-49.3020722939492,1,06:12:31,96,82020770.0,-25.4035799002893,-49.3165390673192,NÃO,06:15:20
82020770.0,-25.4035799002893,-49.3165390673192,1,06:16:32,84,80440020.0,-25.4428337956861,-49.300747838027,NÃO,06:19:41
80440020.0,-25.4428337956861,-49.300747838027,1,06:20:53,96,81450340.0,-25.4902346316319,-49.3486330527676,NÃO,06:25:20
81450340.0,-25.4902346316319,-49.3486330527676,1,06:26:32,88,81260210.0,-25.4862514891775,-49.350391101116,NÃO,06:26:53
81260210.0,-25.4862514891775,-49.350391101116,1,06:28:05,76,81350320.0,-25.4992029361912,-49.3318588311607,NÃO,06:29:50
81350320.0,-25.4992029361912,-49.3318588311607,1,06:31:02,72,81330220.0,-25.4843712333489,-49.3355483883407,NÃO,06:32:33
81330220.0,-25.4843712333489,-49.3355483883407,1,06:33:45,76,81050411.0,-25.482982,-49.305864,NÃO,06:36:00
81050411.0,-25.482982,-49.305864,1,06:37:12,80,81320083.0,-25.4770955000105,-49.3183277499707,NÃO,06:38:20
81320083.0,-25.4770955000105,-49.3183277499707,1,06:39:32,96,80330120.0,-25.4711980670357,-49.3106388116797,NÃO,06:40:10
80330120.0,-25.4711980670357,-49.3106388116797,1,06:41:22,76,81230560.0,-25.4618345263762,-49.3467354210512,NÃO,06:44:33
81230560.0,-25.4618345263762,-49.3467354210512,1,06:45:45,96,81230392.0,-25.4603003707953,-49.340657573102,NÃO,06:46:09
81230392.0,-25.4603003707953,-49.340657573102,1,06:47:21,96,81450350.0,-25.4902280000456,-49.348047000162,NÃO,06:49:25
81450350.0,-25.4902280000456,-49.348047000162,1,06:50:37,56,81470255.0,-25.569630444458,-49.3374921110026,NÃO,06:59:28
81470255.0,-25.569630444458,-49.3374921110026,1,07:00:40,84,81945040.0,-25.6022235414387,-49.3138372232201,NÃO,07:03:46
81945040.0,-25.6022235414387,-49.3138372232201,1,07:04:58,60,81480216.0,-25.5592031642591,-49.3274865425991,NÃO,07:09:57
81480216.0,-25.5592031642591,-49.3274865425991,1,07:11:09,40,81150120.0,-25.5170223068465,-49.3040621642926,NÃO,07:19:02
81150120.0,-25.5170223068465,-49.3040621642926,1,07:20:14,36,81050637.0,-25.4835295000015,-49.3145007999984,NÃO,07:26:41
81050637.0,-25.4835295000015,-49.3145007999984,1,07:27:53,80,81450410.0,-25.4981067710058,-49.3448539613686,NÃO,07:30:29
81450410.0,-25.4981067710058,-49.3448539613686,1,07:31:41,60,81470300.0,-25.575776177431,-49.3365443994341,NÃO,07:40:22
81470300.0,-25.575776177431,-49.3365443994341,1,07:41:34,48,81350607.0,-25.5098119631631,-49.3366327775834,SIM,07:50:45
81350607.0,-25.5098119631631,-49.3366327775834,1,07:51:57,64,81240490.0,-25.4789005295822,-49.3358291909315,NÃO,07:55:11
81240490.0,-25.4789005295822,-49.3358291909315,1,07:56:23,80,81250210.0,-25.4756844576971,-49.3473682666473,NÃO,07:57:18
81250210.0,-25.4756844576971,-49.3473682666473,1,07:58:30,52,81270220.0,-25.4591060306723,-49.3531713829059,NÃO,08:00:44
81270220.0,-25.4591060306723,-49.3531713829059,1,08:01:56,96,81260350.0,-25.4831184667002,-49.3499515999385,NÃO,08:03:37
81260350.0,-25.4831184667002,-49.3499515999385,1,08:04:49,88,81450520.0,-25.4951670667098,-49.3442928001987,NÃO,08:05:49
81450520.0,-25.4951670667098,-49.3442928001987,1,08:07:01,76,81450195.0,-25.4997584943394,-49.3532384355102,NÃO,08:07:50
81450195.0,-25.4997584943394,-49.3532384355102,1,08:09:02,96,81460210.0,-25.5323146848334,-49.3335573678969,NÃO,08:11:37
81460210.0,-25.5323146848334,-49.3335573678969,1,08:12:49,52,81452334.0,-25.5061884000766,-49.3539056000423,NÃO,08:16:55
81452334.0,-25.5061884000766,-49.3539056000423,1,08:18:07,48,81110522.0,-25.5094403220237,-49.2915096538449,NÃO,08:25:58
81110522.0,-25.5094403220237,-49.2915096538449,1,08:27:10,68,81830300.0,-25.5229877082695,-49.2642839884632,NÃO,08:29:56
81830300.0,-25.5229877082695,-49.2642839884632,1,08:31:08,64,81900560.0,-25.5386532636233,-49.2709988129397,NÃO,08:32:54
81900560.0,-25.5386532636233,-49.2709988129397,1,08:34:06,48,81940200.0,-25.5579957528383,-49.3005594977692,NÃO,08:38:41
81940200.0,-25.5579957528383,-49.3005594977692,1,08:39:53,80,81925567.0,-25.5516863820233,-49.2689271518567,NÃO,08:42:20
81925567.0,-25.5516863820233,-49.2689271518567,1,08:43:32,88,81900670.0,-25.5457748986399,-49.2827186530876,NÃO,08:44:35
81900670.0,-25.5457748986399,-49.2827186530876,1,08:45:47,68,81910570.0,-25.5339269047986,-49.2586402382427,NÃO,08:48:13
81910570.0,-25.5339269047986,-49.2586402382427,1,08:49:25,92,81750280.0,-25.5127671393955,-49.2444025714353,NÃO,08:51:13
81750280.0,-25.5127671393955,-49.2444025714353,1,08:52:25,52,81940210.0,-25.5603014782721,-49.2872240368535,NÃO,09:00:17
81940210.0,-25.5603014782721,-49.2872240368535,1,09:01:29,60,81880380.0,-25.5395481532947,-49.2924784574248,NÃO,09:04:18
81880380.0,-25.5395481532947,-49.2924784574248,1,09:05:30,80,81910160.0,-25.530759191602,-49.2694617027723,NÃO,09:07:28
81910160.0,-25.530759191602,-49.2694617027723,1,09:08:40,44,81250482.0,-25.4865966553425,-49.3378683447999,NÃO,09:21:36
81250482.0,-25.4865966553425,-49.3378683447999,1,09:22:48,80,81710380.0,-25.4967925893433,-49.2594143510465,NÃO,09:28:38
81710380.0,-25.4967925893433,-49.2594143510465,1,09:29:50,64,81710300.0,-25.4995227903921,-49.2608604414495,NÃO,09:30:07
81710300.0,-25.4995227903921,-49.2608604414495,1,09:31:19,44,81510570.0,-25.4741691564102,-49.242520655745,SIM,09:36:54
81510570.0,-25.4741691564102,-49.242520655745,1,09:38:06,80,81610020.0,-25.4773976954983,-49.2479963707565,NÃO,09:38:34
81610020.0,-25.4773976954983,-49.2479963707565,1,09:39:46,68,81530380.0,-25.4625848305665,-49.2300931009572,NÃO,09:42:08
81530380.0,-25.4625848305665,-49.2300931009572,1,09:43:20,76,82960488.0,-25.4654066369594,-49.210649939143,NÃO,09:44:52
82960488.0,-25.4654066369594,-49.210649939143,1,09:46:04,60,82960518.0,-25.4654572500437,-49.1984884999811,NÃO,09:47:17
82960518.0,-25.4654572500437,-49.1984884999811,1,09:48:29,88,82930030.0,-25.4568138879969,-49.2056962318778,NÃO,09:49:23
82930030.0,-25.4568138879969,-49.2056962318778,1,09:50:35,48,82980520.0,-25.4702554549873,-49.1880231206476,NÃO,09:53:08
82980520.0,-25.4702554549873,-49.1880231206476,1,09:54:20,80,81550430.0,-25.4903390577391,-49.20628701026,NÃO,09:56:19
81550430.0,-25.4903390577391,-49.20628701026,1,09:57:31,88,81590578.0,-25.4926040000053,-49.2000059999854,NÃO,09:57:58
81590578.0,-25.4926040000053,-49.2000059999854,1,09:59:10,80,81590577.0,-25.4923383333506,-49.2002912221858,NÃO,09:59:13
81590577.0,-25.4923383333506,-49.2002912221858,1,10:00:25,60,81580050.0,-25.4911705040405,-49.228041043675,NÃO,10:03:13
81580050.0,-25.4911705040405,-49.228041043675,1,10:04:25,84,81910390.0,-25.5316857069475,-49.261658650228,NÃO,10:08:27
81910390.0,-25.5316857069475,-49.261658650228,1,10:09:39,60,81150130.0,-25.5161805037496,-49.3043711084487,NÃO,10:14:17
81150130.0,-25.5161805037496,-49.3043711084487,1,10:15:29,52,82010390.0,-25.4282395714462,-49.3275682857714,NÃO,10:27:05
82010390.0,-25.4282395714462,-49.3275682857714,1,10:28:17,80,82315100.0,-25.4138947234128,-49.3562615743809,NÃO,10:30:46
82315100.0,-25.4138947234128,-49.3562615743809,1,10:31:58,88,82015720.0,-25.4187128462549,-49.3341400767781,NÃO,10:33:32
82015720.0,-25.4187128462549,-49.3341400767781,1,10:34:44,88,81280125.0,-25.4406127564945,-49.3601132684004,NÃO,10:37:10
81280125.0,-25.4406127564945,-49.3601132684004,1,10:38:22,80,80320110.0,-25.4631702181385,-49.2942522954363,NÃO,10:43:41
80320110.0,-25.4631702181385,-49.2942522954363,1,10:44:53,44,81010170.0,-25.4783570614136,-49.2757205974116,NÃO,10:48:19
81010170.0,-25.4783570614136,-49.2757205974116,1,10:49:31,64,81070000.0,-25.4763966710448,-49.3031041977101,NÃO,10:52:07
81070000.0,-25.4763966710448,-49.3031041977101,1,10:53:19,56,81070310.0,-25.4777156282764,-49.3079769301493,NÃO,10:53:52
81070310.0,-25.4777156282764,-49.3079769301493,1,10:55:04,48,81220100.0,-25.4557352095908,-49.3256450071633,NÃO,10:58:51
81220100.0,-25.4557352095908,-49.3256450071633,1,11:00:03,44,80820520.0,-25.4127105464884,-49.2963300390619,NÃO,11:07:43
80820520.0,-25.4127105464884,-49.2963300390619,1,11:08:55,64,80030200.0,-25.4196624320568,-49.2602838398977,NÃO,11:12:24
80030200.0,-25.4196624320568,-49.2602838398977,1,11:13:36,68,80030430.0,-25.4146322176159,-49.2550561883948,NÃO,11:14:17
80030430.0,-25.4146322176159,-49.2550561883948,1,11:15:29,80,82510100.0,-25.409050749392,-49.2385843936,NÃO,11:16:49
82510100.0,-25.409050749392,-49.2385843936,1,11:18:01,48,82530380.0,-25.4300625729625,-49.2336060009616,NÃO,11:21:01
82530380.0,-25.4300625729625,-49.2336060009616,1,11:22:13,92,82820300.0,-25.4107437445588,-49.2017098689937,NÃO,11:24:44
82820300.0,-25.4107437445588,-49.2017098689937,1,11:25:56,76,82640400.0,-25.3780721034646,-49.2387994310608,SIM,11:30:03
82640400.0,-25.3780721034646,-49.2387994310608,1,11:31:15,96,82840140.0,-25.4035558681452,-49.2092009936114,NÃO,11:33:50
82840140.0,-25.4035558681452,-49.2092009936114,1,11:35:02,88,82860360.0,-25.3827108510463,-49.1953359321141,NÃO,11:36:53
82860360.0,-25.3827108510463,-49.1953359321141,1,11:38:05,64,82840120.0,-25.4055829533743,-49.2167226661471,NÃO,11:41:13
82840120.0,-25.4055829533743,-49.2167226661471,1,11:42:25,80,82630494.0,-25.3769201560983,-49.2197021839363,NÃO,11:44:50
82630494.0,-25.3769201560983,-49.2197021839363,1,11:46:02,48,82720410.0,-25.3531644337776,-49.232263242608,NÃO,11:49:42
82720410.0,-25.3531644337776,-49.232263242608,1,11:50:54,80,80820310.0,-25.4086845373433,-49.2906611455039,NÃO,11:57:18
80820310.0,-25.4086845373433,-49.2906611455039,1,11:58:30,44,82100440.0,-25.3942804783177,-49.2932765649519,NÃO,12:00:43
82100440.0,-25.3942804783177,-49.2932765649519,1,12:01:55,96,82410316.0,-25.3849215000131,-49.328439749977,NÃO,12:04:05
82410316.0,-25.3849215000131,-49.328439749977,1,12:05:17,96,81200390.0,-25.4331374954389,-49.3440640772759,NÃO,12:08:43
81200390.0,-25.4331374954389,-49.3440640772759,1,12:09:55,80,82310433.0,-25.43107,-49.372483,NÃO,12:11:55
82310433.0,-25.43107,-49.372483,1,12:13:07,96,81200030.0,-25.4339218572309,-49.3305021428569,NÃO,12:15:58
81200030.0,-25.4339218572309,-49.3305021428569,1,12:17:10,52,81050610.0,-25.4838938211145,-49.3106146746474,NÃO,12:24:14
81050610.0,-25.4838938211145,-49.3106146746474,1,12:25:26,96,80740199.0,-25.4437465384921,-49.3130473847111,NÃO,12:28:13
80740199.0,-25.4437465384921,-49.3130473847111,1,12:29:25,72,81220170.0,-25.4569440522711,-49.3221956960987,NÃO,12:30:48
81220170.0,-25.4569440522711,-49.3221956960987,1,12:32:00,96,80730450.0,-25.4295930000255,-49.2924205417543,NÃO,12:34:48
80730450.0,-25.4295930000255,-49.2924205417543,1,12:36:00,96,82030020.0,-25.3946174297227,-49.3162606368294,NÃO,12:38:46
82030020.0,-25.3946174297227,-49.3162606368294,1,12:39:58,96,82220133.0,-25.3760098333463,-49.2639595000711,NÃO,12:43:45
82220133.0,-25.3760098333463,-49.2639595000711,1,12:44:57,76,82220470.0,-25.3569461500704,-49.2736981005731,NÃO,12:46:44
82220470.0,-25.3569461500704,-49.2736981005731,1,12:47:56,80,80030010.0,-25.424164,-49.266866,NÃO,12:53:36
80030010.0,-25.424164,-49.266866,1,12:54:48,96,81520250.0,-25.4595564842104,-49.2411990341756,NÃO,12:57:51
81520250.0,-25.4595564842104,-49.2411990341756,1,12:59:03,96,82980600.0,-25.4666337593647,-49.1916779820241,NÃO,13:02:26
82980600.0,-25.4666337593647,-49.1916779820241,1,13:03:38,84,82810080.0,-25.4396831550178,-49.213992719196,NÃO,13:06:19
82810080.0,-25.4396831550178,-49.213992719196,1,13:07:31,96,82530060.0,-25.425394880957,-49.2359359145395,NÃO,13:09:13
82530060.0,-25.425394880957,-49.2359359145395,1,13:10:25,96,82520040.0,-25.413549500017,-49.2301156541579,NÃO,13:11:20
82520040.0,-25.413549500017,-49.2301156541579,1,13:12:32,96,80215542.0,-25.4467561755521,-49.2503976846901,NÃO,13:15:11
80215542.0,-25.4467561755521,-49.2503976846901,1,13:16:23,96,81510040.0,-25.4602953492636,-49.2465827083158,NÃO,13:17:22
81510040.0,-25.4602953492636,-49.2465827083158,1,13:18:34,96,81570360.0,-25.4857325221308,-49.2299521315212,SIM,13:20:38
81570360.0,-25.4857325221308,-49.2299521315212,1,13:21:50,96,81935474.0,-25.5506130891455,-49.245334911631,NÃO,13:26:27
81935474.0,-25.5506130891455,-49.245334911631,1,13:27:39,96,81920747.0,-25.5329949004335,-49.2526856997565,NÃO,13:28:58
81920747.0,-25.5329949004335,-49.2526856997565,1,13:30:10,96,81110240.0,-25.5012202607084,-49.2880626203316,NÃO,13:33:18
81110240.0,-25.5012202607084,-49.2880626203316,1,13:34:30,40,81910550.0,-25.5343119298378,-49.2590953391986,NÃO,13:41:33
81910550.0,-25.5343119298378,-49.2590953391986,1,13:42:45,96,81720360.0,-25.5259885359266,-49.2525244997371,NÃO,13:43:28
81720360.0,-25.5259885359266,-49.2525244997371,1,13:44:40,88,81580020.0,-25.4882127778241,-49.2241676667996,NÃO,13:48:08
81580020.0,-25.4882127778241,-49.2241676667996,1,13:49:20,40,81590045.0,-25.4936220026944,-49.1988741650016,NÃO,13:53:15
81590045.0,-25.4936220026944,-49.1988741650016,1,13:54:27,60,81580179.0,-25.4968867857253,-49.2235692856984,NÃO,13:56:58
81580179.0,-25.4968867857253,-49.2235692856984,1,13:58:10,96,81830580.0,-25.525272804958,-49.2599985858237,NÃO,14:01:12
81830580.0,-25.525272804958,-49.2599985858237,1,14:02:24,96,81750200.0,-25.5157135001734,-49.243793374824,NÃO,14:03:37
81750200.0,-25.5157135001734,-49.243793374824,1,14:04:49,80,81570092.0,-25.47733771481,-49.2394309559741,NÃO,14:08:03
81570092.0,-25.47733771481,-49.2394309559741,1,14:09:15,96,81670110.0,-25.4977016024349,-49.2505578410785,NÃO,14:10:50
81670110.0,-25.4977016024349,-49.2505578410785,1,14:12:02,96,81935446.0,-25.5561318634792,-49.2494041568186,NÃO,14:16:06
81935446.0,-25.5561318634792,-49.2494041568186,1,14:17:18,96,81770160.0,-25.5296962833892,-49.244546883763,NÃO,14:19:10
81770160.0,-25.5296962833892,-49.244546883763,1,14:20:22,96,81850712.0,-25.5293962610013,-49.2571259563704,NÃO,14:21:10
81850712.0,-25.5293962610013,-49.2571259563704,1,14:22:22,84,81910230.0,-25.5278877309024,-49.2672872891657,NÃO,14:23:07
81910230.0,-25.5278877309024,-49.2672872891657,1,14:24:19,76,81850650.0,-25.5414905884625,-49.2439315883873,NÃO,14:26:32
81850650.0,-25.5414905884625,-49.2439315883873,1,14:27:44,96,81130330.0,-25.5102533750322,-49.3062616741933,NÃO,14:32:13
81130330.0,-25.5102533750322,-49.3062616741933,1,14:33:25,96,81320290.0,-25.4748252660661,-49.3107362306741,NÃO,14:35:54
81320290.0,-25.4748252660661,-49.3107362306741,1,14:37:06,96,81870310.0,-25.524150444185,-49.290210168982,NÃO,14:40:46
81870310.0,-25.524150444185,-49.290210168982,1,14:41:58,76,81170755.0,-25.5160188418949,-49.3308090343913,NÃO,14:45:16
81170755.0,-25.5160188418949,-49.3308090343913,1,14:46:28,96,81470346.0,-25.5796239000291,-49.33524810001,NÃO,14:50:54
81470346.0,-25.5796239000291,-49.33524810001,1,14:52:06,60,81470340.0,-25.5784518706724,-49.3362378687666,NÃO,14:52:16
81470340.0,-25.5784518706724,-49.3362378687666,1,14:53:28,96,81170662.0,-25.5172792272985,-49.3183728182903,NÃO,14:57:52
81170662.0,-25.5172792272985,-49.3183728182903,1,14:59:04,96,80710350.0,-25.4333576000608,-49.3086768002282,NÃO,15:04:56
80710350.0,-25.4333576000608,-49.3086768002282,1,15:06:08,96,80810020.0,-25.4179269867733,-49.2959062863188,NÃO,15:07:43
80810020.0,-25.4179269867733,-49.2959062863188,1,15:08:55,76,80710600.0,-25.4224698510365,-49.3006978054742,NÃO,15:09:23
80710600.0,-25.4224698510365,-49.3006978054742,1,15:10:35,96,80810200.0,-25.411751607072,-49.288206501747,SIM,15:11:52
80810200.0,-25.411751607072,-49.288206501747,1,15:13:04,96,80510090.0,-25.4219078028813,-49.2805581841836,NÃO,15:13:54
80510090.0,-25.4219078028813,-49.2805581841836,1,15:15:06,72,82100470.0,-25.3984034918396,-49.2952852364297,NÃO,15:17:42
82100470.0,-25.3984034918396,-49.2952852364297,1,15:18:54,96,82400000.0,-25.4008242454259,-49.335596235314,NÃO,15:21:10
82400000.0,-25.4008242454259,-49.335596235314,1,15:22:22,96,82400380.0,-25.3939611290747,-49.3559660424619,NÃO,15:23:39
82400380.0,-25.3939611290747,-49.3559660424619,1,15:24:51,96,82410510.0,-25.3732418954991,-49.3291631561723,NÃO,15:27:29
82410510.0,-25.3732418954991,-49.3291631561723,1,15:28:41,96,82130580.0,-25.3655056873644,-49.280654645349,NÃO,15:32:13
82130580.0,-25.3655056873644,-49.280654645349,1,15:33:25,96,82130470.0,-25.3763584193723,-49.2754817420857,NÃO,15:34:12
82130470.0,-25.3763584193723,-49.2754817420857,1,15:35:24,96,80540140.0,-25.4021061827475,-49.2605236422368,NÃO,15:37:19
80540140.0,-25.4021061827475,-49.2605236422368,1,15:38:31,88,80520550.0,-25.403621771614,-49.2770964271839,NÃO,15:39:32
80520550.0,-25.403621771614,-49.2770964271839,1,15:40:44,96,80730430.0,-25.430157,-49.293614,NÃO,15:42:35
80730430.0,-25.430157,-49.293614,1,15:43:47,96,82310380.0,-25.4271679351543,-49.3574755107166,NÃO,15:47:25
82310380.0,-25.4271679351543,-49.3574755107166,1,15:48:37,96,82310354.0,-25.428940781271,-49.3504773749079,NÃO,15:49:07
82310354.0,-25.428940781271,-49.3504773749079,1,15:50:19,80,82320220.0,-25.4019988462337,-49.3433039997731,NÃO,15:53:03
82320220.0,-25.4019988462337,-49.3433039997731,1,15:54:15,96,82020560.0,-25.401157660715,-49.3241349981993,NÃO,15:55:37
82020560.0,-25.401157660715,-49.3241349981993,1,15:56:49,96,80620370.0,-25.4578113636589,-49.2746421817496,NÃO,16:01:42
80620370.0,-25.4578113636589,-49.2746421817496,1,16:02:54,96,80610300.0,-25.463999400884,-49.2889687454307,NÃO,16:03:54
80610300.0,-25.463999400884,-49.2889687454307,1,16:05:06,80,81170370.0,-25.514465668778,-49.3258065209142,NÃO,16:10:09
81170370.0,-25.514465668778,-49.3258065209142,1,16:11:21,96,81810492.0,-25.5044000000137,-49.2718504999625,NÃO,16:14:49
81810492.0,-25.5044000000137,-49.2718504999625,1,16:16:01,96,81650080.0,-25.4844139677447,-49.2377486322425,NÃO,16:18:35
81650080.0,-25.4844139677447,-49.2377486322425,1,16:19:47,68,82920090.0,-25.4493406843058,-49.2065936315104,NÃO,16:24:12
82920090.0,-25.4493406843058,-49.2065936315104,1,16:25:24,96,80210200.0,-25.4425802500035,-49.2447534999719,NÃO,16:27:51
80210200.0,-25.4425802500035,-49.2447534999719,1,16:29:03,96,81510160.0,-25.4561970876697,-49.2447744337813,NÃO,16:30:00
81510160.0,-25.4561970876697,-49.2447744337813,1,16:31:12,88,82960472.0,-25.4657194667099,-49.212058299976,NÃO,16:33:34
82960472.0,-25.4657194667099,-49.212058299976,1,16:34:46,96,82940170.0,-25.454631812,-49.2228321157173,NÃO,16:35:48
82940170.0,-25.454631812,-49.2228321157173,1,16:37:00,96,81590568.0,-25.4865484092882,-49.1981543961654,NÃO,16:39:43
81590568.0,-25.4865484092882,-49.1981543961654,1,16:40:55,96,81590576.0,-25.4942162501529,-49.2012669496276,NÃO,16:41:30
81590576.0,-25.4942162501529,-49.2012669496276,1,16:42:42,96,81770140.0,-25.5277922333666,-49.2459991910781,NÃO,16:46:21
81770140.0,-25.5277922333666,-49.2459991910781,1,16:47:33,96,81920230.0,-25.540158846702,-49.2654606035168,NÃO,16:49:03
81920230.0,-25.540158846702,-49.2654606035168,1,16:50:15,96,81935317.0,-25.5574814410697,-49.2659726298718,NÃO,16:51:28
81935317.0,-25.5574814410697,-49.2659726298718,1,16:52:40,96,81935437.0,-25.5569929167696,-49.2495865835216,NÃO,16:53:42
81935437.0,-25.5569929167696,-49.2495865835216,1,16:54:54,96,81880240.0,-25.5404745077498,-49.2975794776044,NÃO,16:58:08
81880240.0,-25.5404745077498,-49.2975794776044,1,16:59:20,96,81935303.0,-25.5548054287395,-49.2658406002244,NÃO,17:01:34
81935303.0,-25.5548054287395,-49.2658406002244,1,17:02:46,96,81920500.0,-25.5428123134011,-49.2544219342922,NÃO,17:03:52
81920500.0,-25.5428123134011,-49.2544219342922,1,17:05:04,96,81820330.0,-25.5169970179923,-49.2724628977617,NÃO,17:07:12
81820330.0,-25.5169970179923,-49.2724628977617,1,17:08:24,92,81480160.0,-25.5588432106598,-49.3151440012031,SIM,17:12:32
81480160.0,-25.5588432106598,-49.3151440012031,1,17:13:44,96,81470055.0,-25.5630048148415,-49.3383968771216,NÃO,17:15:14
81470055.0,-25.5630048148415,-49.3383968771216,1,17:16:26,80,81470175.0,-25.567186531582,-49.3334716250438,NÃO,17:16:57
81470175.0,-25.567186531582,-49.3334716250438,1,17:18:09,96,81490360.0,-25.5959260714452,-49.3331487620149,NÃO,17:20:09
81490360.0,-25.5959260714452,-49.3331487620149,1,17:21:21,76,81480170.0,-25.5633003333374,-49.3185828888561,NÃO,17:24:27
81480170.0,-25.5633003333374,-49.3185828888561,1,17:25:39,96,81935050.0,-25.555508412277,-49.2544885303963,NÃO,17:29:43
81935050.0,-25.555508412277,-49.2544885303963,1,17:30:55,96,81910030.0,-25.5361378385276,-49.2685374132639,NÃO,17:32:32
81910030.0,-25.5361378385276,-49.2685374132639,1,17:33:44,96,81030180.0,-25.4763519008138,-49.2647633349843,NÃO,17:37:54
81030180.0,-25.4763519008138,-49.2647633349843,1,17:39:06,96,81150330.0,-25.5222469145844,-49.3046045806688,NÃO,17:43:10
81150330.0,-25.5222469145844,-49.3046045806688,1,17:44:22,40,81490562.0,-25.6007006282316,-49.3302336035246,NÃO,17:58:01
81490562.0,-25.6007006282316,-49.3302336035246,1,17:59:13,88,81470089.0,-25.5687003611858,-49.3290482775162,NÃO,18:01:39
81470089.0,-25.5687003611858,-49.3290482775162,1,18:02:51,96,81460239.0,-25.5325141725804,-49.3365793791746,NÃO,18:05:22
81460239.0,-25.5325141725804,-49.3365793791746,1,18:06:34,96,81310370.0,-25.5005119473929,-49.3186624209516,NÃO,18:09:09
81310370.0,-25.5005119473929,-49.3186624209516,1,18:10:21,96,81260470.0,-25.4878793333939,-49.3499858333103,NÃO,18:12:21
81260470.0,-25.4878793333939,-49.3499858333103,1,18:13:33,60,81130270.0,-25.5076616583274,-49.3009496047833,NÃO,18:19:42
81130270.0,-25.5076616583274,-49.3009496047833,1,18:20:54,60,80215650.0,-25.4484380190541,-49.2490664368478,NÃO,18:30:01
80215650.0,-25.4484380190541,-49.2490664368478,1,18:31:13,48,80740620.0,-25.4417320478243,-49.3156172471767,NÃO,18:38:25
80740620.0,-25.4417320478243,-49.3156172471767,1,18:39:37,96,80820500.0,-25.4107702686398,-49.3021048645381,NÃO,18:42:00
80820500.0,-25.4107702686398,-49.3021048645381,1,18:43:12,96,80810070.0,-25.4171734750828,-49.2912702953003,NÃO,18:44:05
80810070.0,-25.4171734750828,-49.2912702953003,1,18:45:17,96,80820350.0,-25.4104868271504,-49.2948596739003,NÃO,18:45:47
80820350.0,-25.4104868271504,-49.2948596739003,1,18:46:59,96,82320340.0,-25.399199941043,-49.3477109219031,NÃO,18:50:09
82320340.0,-25.399199941043,-49.3477109219031,1,18:51:21,96,81280048.0,-25.4357441112655,-49.361230111158,NÃO,18:53:58
81280048.0,-25.4357441112655,-49.361230111158,1,18:55:10,96,81280190.0,-25.4369027676958,-49.3594793608748,NÃO,18:55:19
81280190.0,-25.4369027676958,-49.3594793608748,1,18:56:31,96,81200400.0,-25.4338997893551,-49.3437087449233,NÃO,18:57:38
81200400.0,-25.4338997893551,-49.3437087449233,1,18:58:50,92,82300430.0,-25.4211195918941,-49.3463656911546,SIM,18:59:46
82300430.0,-25.4211195918941,-49.3463656911546,2,06:00:00,96,81250190.0,-25.4787356976141,-49.3477187290333,NÃO,06:04:19
81250190.0,-25.4787356976141,-49.3477187290333,2,06:05:31,88,81265330.0,-25.4702238422545,-49.3713250851996,NÃO,06:07:20
81265330.0,-25.4702238422545,-49.3713250851996,2,06:08:32,96,81330400.0,-25.488124875843,-49.3264242140685,NÃO,06:11:30
81330400.0,-25.488124875843,-49.3264242140685,2,06:12:42,84,82015110.0,-25.4160406938864,-49.3250852303798,NÃO,06:17:59
82015110.0,-25.4160406938864,-49.3250852303798,2,06:19:11,96,81210070.0,-25.4427148131246,-49.3268133751402,NÃO,06:21:12
81210070.0,-25.4427148131246,-49.3268133751402,2,06:22:24,68,81312000.0,-25.5030856483401,-49.3152229520216,NÃO,06:28:54
81312000.0,-25.5030856483401,-49.3152229520216,2,06:30:06,96,81480141.0,-25.5562061667039,-49.3231896667236,NÃO,06:34:09
81480141.0,-25.5562061667039,-49.3231896667236,2,06:35:21,96,81930367.0,-25.5617914350131,-49.2710241313602,NÃO,06:38:27
81930367.0,-25.5617914350131,-49.2710241313602,2,06:39:39,96,81030370.0,-25.4881800174281,-49.2756635796428,NÃO,06:44:27
81030370.0,-25.4881800174281,-49.2756635796428,2,06:45:39,92,80310110.0,-25.4618760201347,-49.3131981040754,NÃO,06:48:48
80310110.0,-25.4618760201347,-49.3131981040754,2,06:50:00,88,81330550.0,-25.4845347422664,-49.323856720273,NÃO,06:52:05
81330550.0,-25.4845347422664,-49.323856720273,2,06:53:17,96,81170065.0,-25.5110533750523,-49.3200841245732,NÃO,06:55:16
81170065.0,-25.5110533750523,-49.3200841245732,2,06:56:28,96,81480050.0,-25.5639557671639,-49.3123860165859,NÃO,07:00:25
81480050.0,-25.5639557671639,-49.3123860165859,2,07:01:37,96,81490620.0,-25.6132684714507,-49.3349370738516,NÃO,07:05:20
81490620.0,-25.6132684714507,-49.3349370738516,2,07:06:32,96,81470290.0,-25.5737515550149,-49.3412589936849,NÃO,07:09:19
81470290.0,-25.5737515550149,-49.3412589936849,2,07:10:31,96,81490400.0,-25.5959260793478,-49.3357867186009,NÃO,07:12:06
81490400.0,-25.5959260793478,-49.3357867186009,2,07:13:18,96,81490280.0,-25.5975675014877,-49.3235433911466,NÃO,07:14:05
81490280.0,-25.5975675014877,-49.3235433911466,2,07:15:17,96,81490170.0,-25.5871765229344,-49.3233641230418,NÃO,07:16:01
81490170.0,-25.5871765229344,-49.3233641230418,2,07:17:13,96,81460140.0,-25.5504730020315,-49.3064697407443,NÃO,07:19:59
81460140.0,-25.5504730020315,-49.3064697407443,2,07:21:11,96,81260160.0,-25.488209,-49.348703,NÃO,07:26:16
81260160.0,-25.488209,-49.348703,2,07:27:28,96,81240110.0,-25.4758162194925,-49.3455733886983,NÃO,07:28:22
81240110.0,-25.4758162194925,-49.3455733886983,2,07:29:34,96,81250720.0,-25.4815524899573,-49.3385838295334,NÃO,07:30:10
81250720.0,-25.4815524899573,-49.3385838295334,2,07:31:22,96,81470256.0,-25.569416591018,-49.337872181861,NÃO,07:37:29
81470256.0,-25.569416591018,-49.337872181861,2,07:38:41,96,81490010.0,-25.6154928550559,-49.3537353191769,NÃO,07:42:03
81490010.0,-25.6154928550559,-49.3537353191769,2,07:43:15,96,81480125.0,-25.5614706374337,-49.3118706658535,SIM,07:47:50
81480125.0,-25.5614706374337,-49.3118706658535,2,07:49:02,96,81470370.0,-25.5778784839382,-49.3341110960705,NÃO,07:50:51
81470370.0,-25.5778784839382,-49.3341110960705,2,07:52:03,96,81480152.0,-25.5584308697738,-49.3207049341475,NÃO,07:53:39
81480152.0,-25.5584308697738,-49.3207049341475,2,07:54:51,96,81452040.0,-25.4998370213564,-49.3545044201704,NÃO,07:59:27
81452040.0,-25.4998370213564,-49.3545044201704,2,08:00:39,96,81220090.0,-25.4539760939031,-49.3149024143145,NÃO,08:04:42
81220090.0,-25.4539760939031,-49.3149024143145,2,08:05:54,96,80010200.0,-25.4499691308346,-49.2748090324017,NÃO,08:08:26
80010200.0,-25.4499691308346,-49.2748090324017,2,08:09:38,48,80410000.0,-25.4213661621413,-49.2875646174355,NÃO,08:13:56
80410000.0,-25.4213661621413,-49.2875646174355,2,08:15:08,96,80230090.0,-25.4390390483783,-49.2723309760101,NÃO,08:16:42
80230090.0,-25.4390390483783,-49.2723309760101,2,08:17:54,96,80050440.0,-25.4325298004091,-49.2411146661928,NÃO,08:19:55
80050440.0,-25.4325298004091,-49.2411146661928,2,08:21:07,88,82510514.0,-25.4130335000161,-49.2401459999717,NÃO,08:22:36
82510514.0,-25.4130335000161,-49.2401459999717,2,08:23:48,96,82600750.0,-25.3958555000045,-49.2162615000035,NÃO,08:25:43
82600750.0,-25.3958555000045,-49.2162615000035,2,08:26:55,96,80010160.0,-25.3975876007521,-49.2498549128683,NÃO,08:29:02
80010160.0,-25.3975876007521,-49.2498549128683,2,08:30:14,96,82650470.0,-25.3694403145923,-49.2428589272921,NÃO,08:32:15
82650470.0,-25.3694403145923,-49.2428589272921,2,08:33:27,76,82860400.0,-25.3861406843164,-49.1978955789077,NÃO,08:37:19
82860400.0,-25.3861406843164,-49.1978955789077,2,08:38:31,88,82520095.0,-25.4146626252933,-49.2400308757049,NÃO,08:42:08
82520095.0,-25.4146626252933,-49.2400308757049,2,08:43:20,88,80820650.0,-25.4121630005226,-49.3068074987427,NÃO,08:47:55
80820650.0,-25.4121630005226,-49.3068074987427,2,08:49:07,96,82025060.0,-25.4094383254911,-49.3098019002186,NÃO,08:49:24
82025060.0,-25.4094383254911,-49.3098019002186,2,08:50:36,96,80820480.0,-25.4089459015341,-49.3017935380524,NÃO,08:51:07
80820480.0,-25.4089459015341,-49.3017935380524,2,08:52:19,60,80060170.0,-25.4278721677395,-49.2593020468696,NÃO,08:57:05
80060170.0,-25.4278721677395,-49.2593020468696,2,08:58:17,96,80045270.0,-25.4269458358083,-49.2498379452408,NÃO,08:58:53
80045270.0,-25.4269458358083,-49.2498379452408,2,09:00:05,48,80045265.0,-25.430376,-49.248243,NÃO,09:00:31
80045265.0,-25.430376,-49.248243,2,09:01:43,96,80045340.0,-25.4273942123959,-49.2452352041218,NÃO,09:02:05
80045340.0,-25.4273942123959,-49.2452352041218,2,09:03:17,96,82720240.0,-25.3649974344476,-49.2309054649185,NÃO,09:08:34
82720240.0,-25.3649974344476,-49.2309054649185,2,09:09:46,76,82710320.0,-25.3550854904869,-49.2588717776273,NÃO,09:11:53
82710320.0,-25.3550854904869,-49.2588717776273,2,09:13:05,96,82210230.0,-25.3823373333611,-49.2634891111916,NÃO,09:14:44
82210230.0,-25.3823373333611,-49.2634891111916,2,09:15:56,96,82700410.0,-25.3740192069561,-49.2513782763024,NÃO,09:17:08
82700410.0,-25.3740192069561,-49.2513782763024,2,09:18:20,96,82200200.0,-25.3904101875436,-49.2691160623079,NÃO,09:19:40
82200200.0,-25.3904101875436,-49.2691160623079,2,09:20:52,76,82130282.0,-25.3808727224324,-49.2743298330015,NÃO,09:21:52
82130282.0,-25.3808727224324,-49.2743298330015,2,09:23:04,96,80710040.0,-25.4214634286453,-49.3044615715174,NÃO,09:25:55
80710040.0,-25.4214634286453,-49.3044615715174,2,09:27:07,96,81350713.0,-25.496557235688,-49.3371662352983,NÃO,09:31:51
81350713.0,-25.496557235688,-49.3371662352983,2,09:33:03,64,81330620.0,-25.4883481133979,-49.3345923101625,NÃO,09:34:15
81330620.0,-25.4883481133979,-49.3345923101625,2,09:35:27,96,81170762.0,-25.51557721054,-49.3290638947933,NÃO,09:37:10
81170762.0,-25.51557721054,-49.3290638947933,2,09:38:22,96,81110330.0,-25.5042910428287,-49.2847716627966,NÃO,09:41:51
81110330.0,-25.5042910428287,-49.2847716627966,2,09:43:03,96,81315685.0,-25.5115270000027,-49.3255583333193,SIM,09:45:17
81315685.0,-25.5115270000027,-49.3255583333193,2,09:46:29,96,81250610.0,-25.4933426909383,-49.3409114723655,NÃO,09:48:05
81250610.0,-25.4933426909383,-49.3409114723655,2,09:49:17,96,81260412.0,-25.4811505865638,-49.3545312407406,NÃO,09:50:28
81260412.0,-25.4811505865638,-49.3545312407406,2,09:51:40,96,81450310.0,-25.4928927891057,-49.3482807107009,NÃO,09:52:31
81450310.0,-25.4928927891057,-49.3482807107009,2,09:53:43,84,81350686.0,-25.4936598469491,-49.3400481020638,NÃO,09:54:24
81350686.0,-25.4936598469491,-49.3400481020638,2,09:55:36,92,81305650.0,-25.5010554166774,-49.3233459999556,NÃO,09:56:53
81305650.0,-25.5010554166774,-49.3233459999556,2,09:58:05,96,81460235.0,-25.5296041641745,-49.3384583258202,NÃO,09:59:56
81460235.0,-25.5296041641745,-49.3384583258202,2,10:01:08,80,81110070.0,-25.5038132404982,-49.2938690633352,NÃO,10:05:08
81110070.0,-25.5038132404982,-49.2938690633352,2,10:06:20,84,81020420.0,-25.4920196819718,-49.2840872729491,NÃO,10:07:31
81020420.0,-25.4920196819718,-49.2840872729491,2,10:08:43,96,80220380.0,-25.4622493336364,-49.2552576680305,NÃO,10:11:28
80220380.0,-25.4622493336364,-49.2552576680305,2,10:12:40,96,81520300.0,-25.4623570695212,-49.2422078636873,NÃO,10:13:30
81520300.0,-25.4623570695212,-49.2422078636873,2,10:14:42,88,81510390.0,-25.4685143295265,-49.2421165124832,NÃO,10:15:11
81510390.0,-25.4685143295265,-49.2421165124832,2,10:16:23,96,81610220.0,-25.4840165002992,-49.2455067502822,NÃO,10:17:29
81610220.0,-25.4840165002992,-49.2455067502822,2,10:18:41,96,82950220.0,-25.4538040386831,-49.2173702690989,NÃO,10:21:26
82950220.0,-25.4538040386831,-49.2173702690989,2,10:22:38,96,82960200.0,-25.468586333766,-49.2107938551622,NÃO,10:23:45
82960200.0,-25.468586333766,-49.2107938551622,2,10:24:57,60,82930370.0,-25.4627990031427,-49.2053096781914,NÃO,10:25:48
82930370.0,-25.4627990031427,-49.2053096781914,2,10:27:00,72,81570001.0,-25.4825630317905,-49.2238324147895,NÃO,10:29:24
81570001.0,-25.4825630317905,-49.2238324147895,2,10:30:36,96,81590340.0,-25.486945243492,-49.2043714494834,NÃO,10:31:52
81590340.0,-25.486945243492,-49.2043714494834,2,10:33:04,96,81560570.0,-25.4943561601417,-49.2107486004445,NÃO,10:33:44
81560570.0,-25.4943561601417,-49.2107486004445,2,10:34:56,96,81550490.0,-25.4924960602498,-49.2054049266086,NÃO,10:35:18
81550490.0,-25.4924960602498,-49.2054049266086,2,10:36:30,96,81590270.0,-25.4844592157371,-49.203473764438,NÃO,10:37:05
81590270.0,-25.4844592157371,-49.203473764438,2,10:38:17,80,81590210.0,-25.4814447782289,-49.198611250503,NÃO,10:38:44
81590210.0,-25.4814447782289,-49.198611250503,2,10:39:56,64,82990000.0,-25.4637044472508,-49.198121637253,NÃO,10:41:47
82990000.0,-25.4637044472508,-49.198121637253,2,10:42:59,96,81550315.0,-25.4881320075695,-49.208315008611,NÃO,10:44:48
81550315.0,-25.4881320075695,-49.208315008611,2,10:46:00,96,81560250.0,-25.4891353622078,-49.2181798796427,NÃO,10:46:38
81560250.0,-25.4891353622078,-49.2181798796427,2,10:47:50,96,81650050.0,-25.4935107881037,-49.2359919665457,NÃO,10:49:00
81650050.0,-25.4935107881037,-49.2359919665457,2,10:50:12,96,80220200.0,-25.4672406908201,-49.2801499774178,NÃO,10:53:32
80220200.0,-25.4672406908201,-49.2801499774178,2,10:54:44,96,80240660.0,-25.4542530556284,-49.2916382221557,NÃO,10:55:54
80240660.0,-25.4542530556284,-49.2916382221557,2,10:57:06,96,80320140.0,-25.4645330930821,-49.294537482629,NÃO,10:57:51
80320140.0,-25.4645330930821,-49.294537482629,2,10:59:03,96,80330250.0,-25.4685255880972,-49.3077515647853,NÃO,10:59:56
80330250.0,-25.4685255880972,-49.3077515647853,2,11:01:08,96,80440090.0,-25.4443285001079,-49.2916224997606,NÃO,11:03:06
80440090.0,-25.4443285001079,-49.2916224997606,2,11:04:18,96,81520290.0,-25.4627057622716,-49.2410266625473,NÃO,11:07:44
81520290.0,-25.4627057622716,-49.2410266625473,2,11:08:56,96,81590220.0,-25.4821304044981,-49.1983598981544,NÃO,11:11:56
81590220.0,-25.4821304044981,-49.1983598981544,2,11:13:08,96,81610090.0,-25.4829752828427,-49.2413676273212,NÃO,11:15:50
81610090.0,-25.4829752828427,-49.2413676273212,2,11:17:02,96,81560480.0,-25.4932949091003,-49.2131369999224,NÃO,11:18:57
81560480.0,-25.4932949091003,-49.2131369999224,2,11:20:09,96,81850680.0,-25.54320816435,-49.242931161733,NÃO,11:24:06
81850680.0,-25.54320816435,-49.242931161733,2,11:25:18,36,81935382.0,-25.5594363219748,-49.2516978436888,NÃO,11:28:39
81935382.0,-25.5594363219748,-49.2516978436888,2,11:29:51,96,81935113.0,-25.5499175384761,-49.253610923113,NÃO,11:30:32
81935113.0,-25.5499175384761,-49.253610923113,2,11:31:44,96,81870352.0,-25.5241770000303,-49.2937684998992,NÃO,11:34:50
81870352.0,-25.5241770000303,-49.2937684998992,2,11:36:02,96,81710590.0,-25.5021303917908,-49.2606525653797,NÃO,11:38:37
81710590.0,-25.5021303917908,-49.2606525653797,2,11:39:49,96,81030100.0,-25.4832995440473,-49.2706444334036,NÃO,11:41:17
81030100.0,-25.4832995440473,-49.2706444334036,2,11:42:29,96,81570240.0,-25.4811182084669,-49.2271006252739,NÃO,11:45:14
81570240.0,-25.4811182084669,-49.2271006252739,2,11:46:26,96,81560730.0,-25.476983000057,-49.2242420001757,NÃO,11:46:47
81560730.0,-25.476983000057,-49.2242420001757,2,11:47:59,96,81550240.0,-25.4774264375435,-49.2110857497498,NÃO,11:48:49
81550240.0,-25.4774264375435,-49.2110857497498,2,11:50:01,96,82800310.0,-25.4363060856137,-49.2266446131255,NÃO,11:53:03
82800310.0,-25.4363060856137,-49.2266446131255,2,11:54:15,96,82810220.0,-25.4362783812433,-49.2176039050576,NÃO,11:54:50
82810220.0,-25.4362783812433,-49.2176039050576,2,11:56:02,96,82820460.0,-25.4179465264684,-49.2222826851176,NÃO,11:57:21
82820460.0,-25.4179465264684,-49.2222826851176,2,11:58:33,88,80060040.0,-25.4318069334388,-49.263280830672,SIM,12:01:33
80060040.0,-25.4318069334388,-49.263280830672,2,12:02:45,96,82600640.0,-25.3981885762214,-49.2162511520761,NÃO,12:06:32
82600640.0,-25.3981885762214,-49.2162511520761,2,12:07:44,84,82115020.0,-25.3852616256441,-49.2858709374701,NÃO,12:11:59
82115020.0,-25.3852616256441,-49.2858709374701,2,12:13:11,36,82650060.0,-25.3808622827653,-49.242762203191,NÃO,12:22:26
82650060.0,-25.3808622827653,-49.242762203191,2,12:23:38,60,80035210.0,-25.4018593540355,-49.2501065029327,NÃO,12:26:22
80035210.0,-25.4018593540355,-49.2501065029327,2,12:27:34,96,80010010.0,-25.4267759520353,-49.2679877486134,NÃO,12:29:41
80010010.0,-25.4267759520353,-49.2679877486134,2,12:30:53,92,80240550.0,-25.4533378888945,-49.3034312777902,NÃO,12:33:47
80240550.0,-25.4533378888945,-49.3034312777902,2,12:34:59,88,80250085.0,-25.4428916686675,-49.2805507832172,NÃO,12:36:50
80250085.0,-25.4428916686675,-49.2805507832172,2,12:38:02,96,80530040.0,-25.4219925091123,-49.2723748799989,NÃO,12:39:26
80530040.0,-25.4219925091123,-49.2723748799989,2,12:40:38,64,82320230.0,-25.4021230003188,-49.3423791541151,NÃO,12:46:02
82320230.0,-25.4021230003188,-49.3423791541151,2,12:47:14,96,82320460.0,-25.4077602271442,-49.3507954592113,NÃO,12:47:52
82320460.0,-25.4077602271442,-49.3507954592113,2,12:49:04,96,81200160.0,-25.4320014000022,-49.3213627999599,NÃO,12:52:13
81200160.0,-25.4320014000022,-49.3213627999599,2,12:53:25,48,81260430.0,-25.4650355019742,-49.3605952475877,NÃO,12:59:34
81260430.0,-25.4650355019742,-49.3605952475877,2,13:00:46,76,81230480.0,-25.4646281053601,-49.3394493683984,NÃO,13:02:27
81230480.0,-25.4646281053601,-49.3394493683984,2,13:03:39,96,81230395.0,-25.4630444265055,-49.340662832648,NÃO,13:03:48
81230395.0,-25.4630444265055,-49.340662832648,2,13:05:00,96,81020150.0,-25.4852090685074,-49.2875810685635,NÃO,13:08:41
81020150.0,-25.4852090685074,-49.2875810685635,2,13:09:53,92,81450140.0,-25.4974735953017,-49.3493514288727,NÃO,13:14:02
81450140.0,-25.4974735953017,-49.3493514288727,2,13:15:14,96,81350712.0,-25.4960801542241,-49.3371847691929,NÃO,13:16:01
81350712.0,-25.4960801542241,-49.3371847691929,2,13:17:13,96,81490398.0,-25.5963908362783,-49.3358913045797,NÃO,13:24:12
81490398.0,-25.5963908362783,-49.3358913045797,2,13:25:24,96,81490370.0,-25.5945839118607,-49.3348460297419,NÃO,13:25:33
81490370.0,-25.5945839118607,-49.3348460297419,2,13:26:45,96,81825210.0,-25.5262738689431,-49.2736153558222,NÃO,13:32:52
81825210.0,-25.5262738689431,-49.2736153558222,2,13:34:04,36,81110190.0,-25.4985135816744,-49.2879505576038,NÃO,13:39:45
81110190.0,-25.4985135816744,-49.2879505576038,2,13:40:57,80,82015100.0,-25.4177303741766,-49.3254408265132,SIM,13:48:16
82015100.0,-25.4177303741766,-49.3254408265132,2,13:49:28,88,80710390.0,-25.43427248628,-49.3055074800751,NÃO,13:51:20
80710390.0,-25.43427248628,-49.3055074800751,2,13:52:32,60,82100270.0,-25.4014680627492,-49.2883068119821,NÃO,13:56:35
82100270.0,-25.4014680627492,-49.2883068119821,2,13:57:47,96,82415070.0,-25.3666350000001,-49.3367376666649,NÃO,14:01:41
82415070.0,-25.3666350000001,-49.3367376666649,2,14:02:53,96,82710330.0,-25.3530998572423,-49.2583428932106,NÃO,14:07:54
82710330.0,-25.3530998572423,-49.2583428932106,2,14:09:06,96,82220610.0,-25.3725747859642,-49.2682819283134,NÃO,14:10:36
82220610.0,-25.3725747859642,-49.2682819283134,2,14:11:48,96,82700540.0,-25.3703488003616,-49.2570179996848,NÃO,14:12:32
82700540.0,-25.3703488003616,-49.2570179996848,2,14:13:44,96,82520590.0,-25.4131761050287,-49.2261971905551,NÃO,14:17:18
82520590.0,-25.4131761050287,-49.2261971905551,2,14:18:30,96,80010040.0,-25.433306347953,-49.2586024190518,NÃO,14:20:59
80010040.0,-25.433306347953,-49.2586024190518,2,14:22:11,80,80045160.0,-25.4227240373025,-49.257747950136,NÃO,14:23:05
80045160.0,-25.4227240373025,-49.257747950136,2,14:24:17,96,80040153.0,-25.4213319028677,-49.2481648998847,NÃO,14:24:54
80040153.0,-25.4213319028677,-49.2481648998847,2,14:26:06,96,80050435.0,-25.4305533081275,-49.2435107491958,NÃO,14:26:49
80050435.0,-25.4305533081275,-49.2435107491958,2,14:28:01,96,80540290.0,-25.4060056184402,-49.2667691092792,NÃO,14:30:16
80540290.0,-25.4060056184402,-49.2667691092792,2,14:31:28,96,82650320.0,-25.3737566254647,-49.2469140011033,NÃO,14:34:02
82650320.0,-25.3737566254647,-49.2469140011033,2,14:35:14,96,82710082.0,-25.3647667288143,-49.2518749086381,NÃO,14:35:56
82710082.0,-25.3647667288143,-49.2518749086381,2,14:37:08,96,82220563.0,-25.3564836666715,-49.2790128333043,NÃO,14:38:56
82220563.0,-25.3564836666715,-49.2790128333043,2,14:40:08,96,82640640.0,-25.3715918782937,-49.2403618225252,NÃO,14:42:47
82640640.0,-25.3715918782937,-49.2403618225252,2,14:43:59,96,82200440.0,-25.393875587652,-49.2639951894228,NÃO,14:46:08
82200440.0,-25.393875587652,-49.2639951894228,2,14:47:20,52,82200216.0,-25.3890870000006,-49.270339250004,NÃO,14:48:18
82200216.0,-25.3890870000006,-49.270339250004,2,14:49:30,96,82640710.0,-25.3761139167061,-49.2360147500568,NÃO,14:51:51
82640710.0,-25.3761139167061,-49.2360147500568,2,14:53:03,96,82600070.0,-25.3907411036522,-49.2112438117616,NÃO,14:54:55
82600070.0,-25.3907411036522,-49.2112438117616,2,14:56:07,60,82650230.0,-25.3772499488416,-49.2469517894625,NÃO,15:00:01
82650230.0,-25.3772499488416,-49.2469517894625,2,15:01:13,96,82515190.0,-25.399238,-49.229496,NÃO,15:03:20
82515190.0,-25.399238,-49.229496,2,15:04:32,84,82560040.0,-25.385069922368,-49.2480647046834,NÃO,15:06:06
82560040.0,-25.385069922368,-49.2480647046834,2,15:07:18,64,80530210.0,-25.415928,-49.266714,NÃO,15:11:06
80530210.0,-25.415928,-49.266714,2,15:12:18,64,80040150.0,-25.419191727292,-49.2505313635874,NÃO,15:14:07
80040150.0,-25.419191727292,-49.2505313635874,2,15:15:19,96,82650210.0,-25.3791995264108,-49.2479747365615,NÃO,15:17:55
82650210.0,-25.3791995264108,-49.2479747365615,2,15:19:07,96,82620150.0,-25.3843628304926,-49.2203917399179,NÃO,15:21:04
82620150.0,-25.3843628304926,-49.2203917399179,2,15:22:16,96,82630100.0,-25.3812692780083,-49.2161803524462,NÃO,15:22:37
82630100.0,-25.3812692780083,-49.2161803524462,2,15:23:49,96,82990198.0,-25.4560595000466,-49.1987434093442,NÃO,15:29:40
82990198.0,-25.4560595000466,-49.1987434093442,2,15:30:52,96,82930000.0,-25.4522168930604,-49.2076848688181,NÃO,15:31:26
82930000.0,-25.4522168930604,-49.2076848688181,2,15:32:38,44,81540160.0,-25.4663186667815,-49.2166009443659,NÃO,15:35:12
81540160.0,-25.4663186667815,-49.2166009443659,2,15:36:24,96,81550150.0,-25.4770778208763,-49.2126543845983,NÃO,15:37:17
81550150.0,-25.4770778208763,-49.2126543845983,2,15:38:29,96,82930390.0,-25.4608672106041,-49.2047594214569,NÃO,15:39:40
82930390.0,-25.4608672106041,-49.2047594214569,2,15:40:52,96,82930428.0,-25.4555670002028,-49.2033254441496,NÃO,15:41:14
82930428.0,-25.4555670002028,-49.2033254441496,2,15:42:26,92,82990150.0,-25.4599432722975,-49.1940915354714,NÃO,15:43:12
82990150.0,-25.4599432722975,-49.1940915354714,2,15:44:24,96,81925578.0,-25.5519935625411,-49.267926124915,SIM,15:52:24
81925578.0,-25.5519935625411,-49.267926124915,2,15:53:36,96,81920735.0,-25.5391678846873,-49.2615212690534,NÃO,15:54:33
81920735.0,-25.5391678846873,-49.2615212690534,2,15:55:45,44,81830020.0,-25.5125646322447,-49.2675350633395,NÃO,15:59:10
81830020.0,-25.5125646322447,-49.2675350633395,2,16:00:22,60,81570010.0,-25.4740384750357,-49.2379956248079,NÃO,16:05:35
81570010.0,-25.4740384750357,-49.2379956248079,2,16:06:47,96,80250220.0,-25.4401651682037,-49.2778677639266,NÃO,16:10:14
80250220.0,-25.4401651682037,-49.2778677639266,2,16:11:26,96,80620340.0,-25.4540745011999,-49.2732563508827,NÃO,16:12:27
80620340.0,-25.4540745011999,-49.2732563508827,2,16:13:39,80,82315390.0,-25.4096763580765,-49.3604395248946,NÃO,16:21:12
82315390.0,-25.4096763580765,-49.3604395248946,2,16:22:24,88,82015640.0,-25.4165571631868,-49.3376898347165,NÃO,16:24:03
82015640.0,-25.4165571631868,-49.3376898347165,2,16:25:15,96,82025101.0,-25.4089804447922,-49.3131316666906,NÃO,16:26:53
82025101.0,-25.4089804447922,-49.3131316666906,2,16:28:05,96,82100620.0,-25.3924350555573,-49.3027649999663,NÃO,16:29:25
82100620.0,-25.3924350555573,-49.3027649999663,2,16:30:37,96,82130162.0,-25.3808898753791,-49.2691345002354,NÃO,16:32:53
82130162.0,-25.3808898753791,-49.2691345002354,2,16:34:05,96,82220142.0,-25.3755612295988,-49.2640974005018,NÃO,16:34:35
82220142.0,-25.3755612295988,-49.2640974005018,2,16:35:47,96,82630290.0,-25.371866280235,-49.2091730004846,NÃO,16:39:15
82630290.0,-25.371866280235,-49.2091730004846,2,16:40:27,84,82821016.0,-25.4270763750322,-49.209505500185,NÃO,16:44:51
82821016.0,-25.4270763750322,-49.209505500185,2,16:46:03,96,81010130.0,-25.4764195588417,-49.273155691529,NÃO,16:51:19
81010130.0,-25.4764195588417,-49.273155691529,2,16:52:31,96,81010160.0,-25.4761700909245,-49.2756320910121,NÃO,16:52:41
81010160.0,-25.4761700909245,-49.2756320910121,2,16:53:53,36,81030380.0,-25.4878438322257,-49.2772121864255,NÃO,16:56:04
81030380.0,-25.4878438322257,-49.2772121864255,2,16:57:16,96,81670260.0,-25.5039440665513,-49.2550349720709,NÃO,16:59:04
81670260.0,-25.5039440665513,-49.2550349720709,2,17:00:16,96,81650170.0,-25.4968831947737,-49.2251870078443,NÃO,17:02:13
81650170.0,-25.4968831947737,-49.2251870078443,2,17:03:25,92,80210400.0,-25.4463780000737,-49.2468984999865,NÃO,17:07:21
80210400.0,-25.4463780000737,-49.2468984999865,2,17:08:33,96,80510325.0,-25.4198156998607,-49.2790781765687,NÃO,17:11:18
80510325.0,-25.4198156998607,-49.2790781765687,2,17:12:30,96,80035230.0,-25.4008064386385,-49.2512257402299,NÃO,17:14:42
80035230.0,-25.4008064386385,-49.2512257402299,2,17:15:54,96,82520150.0,-25.4121197273283,-49.2373089094202,NÃO,17:17:05
82520150.0,-25.4121197273283,-49.2373089094202,2,17:18:17,96,82821020.0,-25.4233146347775,-49.2160678044742,NÃO,17:19:50
