CEP_inicial,Latitude_inicial,Longitude_inicial,Dia_do_voo,Hora_inicial,Velocidade,CEP_final,Latitude_final,Longitude_final,Pouso,Hora_final
82821020.0,-25.4233146347775,-49.2160678044742,1,06:00:00,92,80040153.0,-25.4213319028677,-49.2481648998847,NÃO,06:02:13
80040153.0,-25.4213319028677,-49.2481648998847,1,06:03:25,64,80045340.0,-25.4273942123959,-49.2452352041218,NÃO,06:04:04
80045340.0,-25.4273942123959,-49.2452352041218,1,06:05:16,88,80045265.0,-25.430376,-49.248243,NÃO,06:05:35
80045265.0,-25.430376,-49.248243,1,06:06:47,84,80045270.0,-25.4269458358083,-49.2498379452408,NÃO,06:07:06
80045270.0,-25.4269458358083,-49.2498379452408,1,06:08:18,76,80010040.0,-25.433306347953,-49.2586024190518,NÃO,06:09:12
80010040.0,-25.433306347953,-49.2586024190518,1,06:10:24,40,80060040.0,-25.4318069334388,-49.263280830672,NÃO,06:11:15
80060040.0,-25.4318069334388,-49.263280830672,1,06:12:27,76,80230090.0,-25.4390390483783,-49.2723309760101,NÃO,06:13:25
80230090.0,-25.4390390483783,-49.2723309760101,1,06:14:37,76,80250085.0,-25.4428916686675,-49.2805507832172,NÃO,06:15:22
80250085.0,-25.4428916686675,-49.2805507832172,1,06:16:34,80,80010010.0,-25.4267759520353,-49.2679877486134,NÃO,06:18:14
80010010.0,-25.4267759520353,-49.2679877486134,1,06:19:26,80,80030010.0,-25.424164,-49.266866,NÃO,06:19:41
80030010.0,-25.424164,-49.266866,1,06:20:53,84,80530040.0,-25.4219925091123,-49.2723748799989,NÃO,06:21:21
80530040.0,-25.4219925091123,-49.2723748799989,1,06:22:33,40,80530210.0,-25.415928,-49.266714,NÃO,06:23:53
80530210.0,-25.415928,-49.266714,1,06:25:05,52,80030430.0,-25.4146322176159,-49.2550561883948,NÃO,06:26:22
80030430.0,-25.4146322176159,-49.2550561883948,1,06:27:34,76,80045160.0,-25.4227240373025,-49.257747950136,NÃO,06:28:17
80045160.0,-25.4227240373025,-49.257747950136,1,06:29:29,84,80030200.0,-25.4196624320568,-49.2602838398977,NÃO,06:29:49
80030200.0,-25.4196624320568,-49.2602838398977,1,06:31:01,36,80060170.0,-25.4278721677395,-49.2593020468696,NÃO,06:32:23
80060170.0,-25.4278721677395,-49.2593020468696,1,06:33:35,36,80040150.0,-25.419191727292,-49.2505313635874,NÃO,06:35:46
80040150.0,-25.419191727292,-49.2505313635874,1,06:36:58,84,82520095.0,-25.4146626252933,-49.2400308757049,NÃO,06:37:47
82520095.0,-25.4146626252933,-49.2400308757049,1,06:38:59,84,80035230.0,-25.4008064386385,-49.2512257402299,NÃO,06:40:27
80035230.0,-25.4008064386385,-49.2512257402299,1,06:41:39,92,82560040.0,-25.385069922368,-49.2480647046834,NÃO,06:42:51
82560040.0,-25.385069922368,-49.2480647046834,1,06:44:03,88,82220133.0,-25.3760098333463,-49.2639595000711,NÃO,06:45:26
82220133.0,-25.3760098333463,-49.2639595000711,1,06:46:38,96,82220142.0,-25.3755612295988,-49.2640974005018,NÃO,06:46:41
82220142.0,-25.3755612295988,-49.2640974005018,1,06:47:53,88,82220610.0,-25.3725747859642,-49.2682819283134,NÃO,06:48:17
82220610.0,-25.3725747859642,-49.2682819283134,1,06:49:29,68,82220470.0,-25.3569461500704,-49.2736981005731,NÃO,06:51:13
82220470.0,-25.3569461500704,-49.2736981005731,1,06:52:25,48,82130580.0,-25.3655056873644,-49.280654645349,NÃO,06:53:52
82130580.0,-25.3655056873644,-49.280654645349,1,06:55:04,88,82130470.0,-25.3763584193723,-49.2754817420857,NÃO,06:55:55
82130470.0,-25.3763584193723,-49.2754817420857,1,06:57:07,80,82130282.0,-25.3808727224324,-49.2743298330015,NÃO,06:57:29
82130282.0,-25.3808727224324,-49.2743298330015,1,06:58:41,88,82115020.0,-25.3852616256441,-49.2858709374701,NÃO,06:59:34
82115020.0,-25.3852616256441,-49.2858709374701,1,07:00:46,76,82100440.0,-25.3942804783177,-49.2932765649519,NÃO,07:01:46
82100440.0,-25.3942804783177,-49.2932765649519,1,07:02:58,76,80820480.0,-25.4089459015341,-49.3017935380524,NÃO,07:04:26
80820480.0,-25.4089459015341,-49.3017935380524,1,07:05:38,96,80820650.0,-25.4121630005226,-49.3068074987427,NÃO,07:06:02
80820650.0,-25.4121630005226,-49.3068074987427,1,07:07:14,96,82025060.0,-25.4094383254911,-49.3098019002186,NÃO,07:07:31
82025060.0,-25.4094383254911,-49.3098019002186,1,07:08:43,44,80820500.0,-25.4107702686398,-49.3021048645381,NÃO,07:09:48
80820500.0,-25.4107702686398,-49.3021048645381,1,07:11:00,92,80820520.0,-25.4127105464884,-49.2963300390619,NÃO,07:11:25
80820520.0,-25.4127105464884,-49.2963300390619,1,07:12:37,88,80810020.0,-25.4179269867733,-49.2959062863188,NÃO,07:13:01
80810020.0,-25.4179269867733,-49.2959062863188,1,07:14:13,76,80810070.0,-25.4171734750828,-49.2912702953003,NÃO,07:14:36
80810070.0,-25.4171734750828,-49.2912702953003,1,07:15:48,88,80810200.0,-25.411751607072,-49.288206501747,NÃO,07:16:16
80810200.0,-25.411751607072,-49.288206501747,1,07:17:28,44,80820350.0,-25.4104868271504,-49.2948596739003,NÃO,07:18:24
80820350.0,-25.4104868271504,-49.2948596739003,1,07:19:36,80,82100470.0,-25.3984034918396,-49.2952852364297,NÃO,07:20:37
82100470.0,-25.3984034918396,-49.2952852364297,1,07:21:49,84,82100620.0,-25.3924350555573,-49.3027649999663,NÃO,07:22:32
82100620.0,-25.3924350555573,-49.3027649999663,1,07:23:44,84,82025101.0,-25.4089804447922,-49.3131316666906,NÃO,07:25:15
82025101.0,-25.4089804447922,-49.3131316666906,1,07:26:27,72,82015110.0,-25.4160406938864,-49.3250852303798,NÃO,07:27:39
82015110.0,-25.4160406938864,-49.3250852303798,1,07:28:51,48,82320220.0,-25.4019988462337,-49.3433039997731,NÃO,07:31:52
82320220.0,-25.4019988462337,-49.3433039997731,1,07:33:04,72,82320230.0,-25.4021230003188,-49.3423791541151,NÃO,07:33:09
82320230.0,-25.4021230003188,-49.3423791541151,1,07:34:21,44,82400000.0,-25.4008242454259,-49.335596235314,NÃO,07:35:18
82400000.0,-25.4008242454259,-49.335596235314,1,07:36:30,84,82020560.0,-25.401157660715,-49.3241349981993,NÃO,07:37:20
82020560.0,-25.401157660715,-49.3241349981993,1,07:38:32,96,82020770.0,-25.4035799002893,-49.3165390673192,NÃO,07:39:03
82020770.0,-25.4035799002893,-49.3165390673192,1,07:40:15,88,82030020.0,-25.3946174297227,-49.3162606368294,NÃO,07:40:56
82030020.0,-25.3946174297227,-49.3162606368294,1,07:42:08,80,82410316.0,-25.3849215000131,-49.328439749977,NÃO,07:43:22
82410316.0,-25.3849215000131,-49.328439749977,1,07:44:34,80,82410510.0,-25.3732418954991,-49.3291631561723,NÃO,07:45:33
82410510.0,-25.3732418954991,-49.3291631561723,1,07:46:45,92,82415070.0,-25.3666350000001,-49.3367376666649,NÃO,07:47:27
82415070.0,-25.3666350000001,-49.3367376666649,1,07:48:39,88,82320340.0,-25.399199941043,-49.3477109219031,NÃO,07:51:14
82320340.0,-25.399199941043,-49.3477109219031,1,07:52:26,44,82400380.0,-25.3939611290747,-49.3559660424619,NÃO,07:53:49
82400380.0,-25.3939611290747,-49.3559660424619,1,07:55:01,76,82315390.0,-25.4096763580765,-49.3604395248946,NÃO,07:56:27
82315390.0,-25.4096763580765,-49.3604395248946,1,07:57:39,36,82315100.0,-25.4138947234128,-49.3562615743809,NÃO,07:58:42
82315100.0,-25.4138947234128,-49.3562615743809,1,07:59:54,88,82320460.0,-25.4077602271442,-49.3507954592113,NÃO,08:00:30
82320460.0,-25.4077602271442,-49.3507954592113,1,08:01:42,88,82300430.0,-25.4211195918941,-49.3463656911546,NÃO,08:02:46
82300430.0,-25.4211195918941,-49.3463656911546,1,08:03:58,92,81200390.0,-25.4331374954389,-49.3440640772759,NÃO,08:04:52
81200390.0,-25.4331374954389,-49.3440640772759,1,08:06:04,96,82310354.0,-25.428940781271,-49.3504773749079,NÃO,08:06:34
82310354.0,-25.428940781271,-49.3504773749079,1,08:07:46,52,81200400.0,-25.4338997893551,-49.3437087449233,NÃO,08:08:47
81200400.0,-25.4338997893551,-49.3437087449233,1,08:09:59,92,81200160.0,-25.4320014000022,-49.3213627999599,NÃO,08:11:28
81200160.0,-25.4320014000022,-49.3213627999599,1,08:12:40,76,81210070.0,-25.4427148131246,-49.3268133751402,NÃO,08:13:43
81210070.0,-25.4427148131246,-49.3268133751402,1,08:14:55,40,82010390.0,-25.4282395714462,-49.3275682857714,NÃO,08:17:21
82010390.0,-25.4282395714462,-49.3275682857714,1,08:18:33,96,81200030.0,-25.4339218572309,-49.3305021428569,NÃO,08:19:00
81200030.0,-25.4339218572309,-49.3305021428569,1,08:20:12,80,82015640.0,-25.4165571631868,-49.3376898347165,NÃO,08:21:45
82015640.0,-25.4165571631868,-49.3376898347165,1,08:22:57,48,82015720.0,-25.4187128462549,-49.3341400767781,NÃO,08:23:30
82015720.0,-25.4187128462549,-49.3341400767781,1,08:24:42,80,82015100.0,-25.4177303741766,-49.3254408265132,NÃO,08:25:22
82015100.0,-25.4177303741766,-49.3254408265132,1,08:26:34,96,80710040.0,-25.4214634286453,-49.3044615715174,NÃO,08:27:55
80710040.0,-25.4214634286453,-49.3044615715174,1,08:29:07,76,80710600.0,-25.4224698510365,-49.3006978054742,NÃO,08:29:26
80710600.0,-25.4224698510365,-49.3006978054742,1,08:30:38,96,80710390.0,-25.43427248628,-49.3055074800751,NÃO,08:31:31
80710390.0,-25.43427248628,-49.3055074800751,1,08:32:43,88,80740620.0,-25.4417320478243,-49.3156172471767,NÃO,08:33:37
80740620.0,-25.4417320478243,-49.3156172471767,1,08:34:49,52,80740199.0,-25.4437465384921,-49.3130473847111,NÃO,08:35:13
80740199.0,-25.4437465384921,-49.3130473847111,1,08:36:25,96,81220090.0,-25.4539760939031,-49.3149024143145,NÃO,08:37:09
81220090.0,-25.4539760939031,-49.3149024143145,1,08:38:21,72,81220100.0,-25.4557352095908,-49.3256450071633,NÃO,08:39:16
81220100.0,-25.4557352095908,-49.3256450071633,1,08:40:28,84,81230395.0,-25.4630444265055,-49.340662832648,NÃO,08:41:42
81230395.0,-25.4630444265055,-49.340662832648,1,08:42:54,76,81230480.0,-25.4646281053601,-49.3394493683984,NÃO,08:43:05
81230480.0,-25.4646281053601,-49.3394493683984,1,08:44:17,60,81270220.0,-25.4591060306723,-49.3531713829059,NÃO,08:45:48
81270220.0,-25.4591060306723,-49.3531713829059,1,08:47:00,60,81260430.0,-25.4650355019742,-49.3605952475877,NÃO,08:48:00
81260430.0,-25.4650355019742,-49.3605952475877,1,08:49:12,60,81280125.0,-25.4406127564945,-49.3601132684004,SIM,08:51:55
81280125.0,-25.4406127564945,-49.3601132684004,1,08:53:07,84,81280190.0,-25.4369027676958,-49.3594793608748,NÃO,08:53:25
81280190.0,-25.4369027676958,-49.3594793608748,1,08:54:37,88,82310380.0,-25.4271679351543,-49.3574755107166,NÃO,08:55:23
82310380.0,-25.4271679351543,-49.3574755107166,1,08:56:35,88,82310433.0,-25.43107,-49.372483,NÃO,08:57:40
82310433.0,-25.43107,-49.372483,1,08:58:52,96,81280048.0,-25.4357441112655,-49.361230111158,NÃO,08:59:39
81280048.0,-25.4357441112655,-49.361230111158,1,09:00:51,80,81230560.0,-25.4618345263762,-49.3467354210512,NÃO,09:03:03
81230560.0,-25.4618345263762,-49.3467354210512,1,09:04:15,96,81230392.0,-25.4603003707953,-49.340657573102,NÃO,09:04:40
81230392.0,-25.4603003707953,-49.340657573102,1,09:05:52,88,81330400.0,-25.488124875843,-49.3264242140685,NÃO,09:07:59
81330400.0,-25.488124875843,-49.3264242140685,1,09:09:11,92,81305650.0,-25.5010554166774,-49.3233459999556,NÃO,09:10:04
81305650.0,-25.5010554166774,-49.3233459999556,1,09:11:16,84,81130330.0,-25.5102533750322,-49.3062616741933,NÃO,09:12:37
81130330.0,-25.5102533750322,-49.3062616741933,1,09:13:49,84,81150130.0,-25.5161805037496,-49.3043711084487,NÃO,09:14:16
81150130.0,-25.5161805037496,-49.3043711084487,1,09:15:28,48,81150120.0,-25.5170223068465,-49.3040621642926,NÃO,09:15:35
81150120.0,-25.5170223068465,-49.3040621642926,1,09:16:47,80,81150330.0,-25.5222469145844,-49.3046045806688,NÃO,09:17:11
81150330.0,-25.5222469145844,-49.3046045806688,1,09:18:23,88,81880240.0,-25.5404745077498,-49.2975794776044,NÃO,09:19:43
81880240.0,-25.5404745077498,-49.2975794776044,1,09:20:55,80,81880380.0,-25.5395481532947,-49.2924784574248,NÃO,09:21:19
81880380.0,-25.5395481532947,-49.2924784574248,1,09:22:31,88,81910030.0,-25.5361378385276,-49.2685374132639,NÃO,09:24:12
81910030.0,-25.5361378385276,-49.2685374132639,1,09:25:24,96,81910390.0,-25.5316857069475,-49.261658650228,NÃO,09:25:58
81910390.0,-25.5316857069475,-49.261658650228,1,09:27:10,48,81910570.0,-25.5339269047986,-49.2586402382427,NÃO,09:27:36
81910570.0,-25.5339269047986,-49.2586402382427,1,09:28:48,52,81720360.0,-25.5259885359266,-49.2525244997371,NÃO,09:30:16
81720360.0,-25.5259885359266,-49.2525244997371,1,09:31:28,80,81830580.0,-25.525272804958,-49.2599985858237,NÃO,09:32:03
81830580.0,-25.525272804958,-49.2599985858237,1,09:33:15,88,81920747.0,-25.5329949004335,-49.2526856997565,NÃO,09:33:58
81920747.0,-25.5329949004335,-49.2526856997565,1,09:35:10,92,81770160.0,-25.5296962833892,-49.244546883763,NÃO,09:35:47
81770160.0,-25.5296962833892,-49.244546883763,1,09:36:59,48,81770140.0,-25.5277922333666,-49.2459991910781,NÃO,09:37:22
81770140.0,-25.5277922333666,-49.2459991910781,1,09:38:34,80,81750200.0,-25.5157135001734,-49.243793374824,NÃO,09:39:44
81750200.0,-25.5157135001734,-49.243793374824,1,09:40:56,76,81750280.0,-25.5127671393955,-49.2444025714353,NÃO,09:41:15
81750280.0,-25.5127671393955,-49.2444025714353,1,09:42:27,80,81670260.0,-25.5039440665513,-49.2550349720709,NÃO,09:43:38
81670260.0,-25.5039440665513,-49.2550349720709,1,09:44:50,84,81650050.0,-25.4935107881037,-49.2359919665457,NÃO,09:46:32
81650050.0,-25.4935107881037,-49.2359919665457,1,09:47:44,96,81570360.0,-25.4857325221308,-49.2299521315212,NÃO,09:48:28
81570360.0,-25.4857325221308,-49.2299521315212,1,09:49:40,72,81650080.0,-25.4844139677447,-49.2377486322425,NÃO,09:50:21
81650080.0,-25.4844139677447,-49.2377486322425,1,09:51:33,76,81570092.0,-25.47733771481,-49.2394309559741,NÃO,09:52:17
81570092.0,-25.47733771481,-49.2394309559741,1,09:53:29,64,81610090.0,-25.4829752828427,-49.2413676273212,NÃO,09:54:02
81610090.0,-25.4829752828427,-49.2413676273212,1,09:55:14,36,81610220.0,-25.4840165002992,-49.2455067502822,NÃO,09:55:54
81610220.0,-25.4840165002992,-49.2455067502822,1,09:57:06,36,81670110.0,-25.4977016024349,-49.2505578410785,NÃO,09:59:14
81670110.0,-25.4977016024349,-49.2505578410785,1,10:00:26,92,81710590.0,-25.5021303917908,-49.2606525653797,NÃO,10:01:11
81710590.0,-25.5021303917908,-49.2606525653797,1,10:02:23,84,81830020.0,-25.5125646322447,-49.2675350633395,NÃO,10:03:21
81830020.0,-25.5125646322447,-49.2675350633395,1,10:04:33,96,81830300.0,-25.5229877082695,-49.2642839884632,NÃO,10:05:19
81830300.0,-25.5229877082695,-49.2642839884632,1,10:06:31,68,81850712.0,-25.5293962610013,-49.2571259563704,NÃO,10:07:25
81850712.0,-25.5293962610013,-49.2571259563704,1,10:08:37,92,81920735.0,-25.5391678846873,-49.2615212690534,NÃO,10:09:23
81920735.0,-25.5391678846873,-49.2615212690534,1,10:10:35,80,81910550.0,-25.5343119298378,-49.2590953391986,NÃO,10:11:02
81910550.0,-25.5343119298378,-49.2590953391986,1,10:12:14,88,81935474.0,-25.5506130891455,-49.245334911631,NÃO,10:13:48
81935474.0,-25.5506130891455,-49.245334911631,1,10:15:00,88,81935446.0,-25.5561318634792,-49.2494041568186,NÃO,10:15:31
81935446.0,-25.5561318634792,-49.2494041568186,1,10:16:43,80,81935437.0,-25.5569929167696,-49.2495865835216,NÃO,10:16:48
81935437.0,-25.5569929167696,-49.2495865835216,1,10:18:00,48,81935382.0,-25.5594363219748,-49.2516978436888,NÃO,10:18:26
81935382.0,-25.5594363219748,-49.2516978436888,1,10:19:38,96,81935113.0,-25.5499175384761,-49.253610923113,NÃO,10:20:19
81935113.0,-25.5499175384761,-49.253610923113,1,10:21:31,84,81850650.0,-25.5414905884625,-49.2439315883873,NÃO,10:22:29
81850650.0,-25.5414905884625,-49.2439315883873,1,10:23:41,60,81850680.0,-25.54320816435,-49.242931161733,NÃO,10:23:54
81850680.0,-25.54320816435,-49.242931161733,1,10:25:06,96,81920500.0,-25.5428123134011,-49.2544219342922,NÃO,10:25:50
81920500.0,-25.5428123134011,-49.2544219342922,1,10:27:02,76,81935050.0,-25.555508412277,-49.2544885303963,NÃO,10:28:09
81935050.0,-25.555508412277,-49.2544885303963,1,10:29:21,92,81935317.0,-25.5574814410697,-49.2659726298718,NÃO,10:30:07
81935317.0,-25.5574814410697,-49.2659726298718,1,10:31:19,84,81925578.0,-25.5519935625411,-49.267926124915,NÃO,10:31:47
81925578.0,-25.5519935625411,-49.267926124915,1,10:32:59,48,81930367.0,-25.5617914350131,-49.2710241313602,NÃO,10:34:24
81930367.0,-25.5617914350131,-49.2710241313602,1,10:35:36,96,81935303.0,-25.5548054287395,-49.2658406002244,NÃO,10:36:12
81935303.0,-25.5548054287395,-49.2658406002244,1,10:37:24,84,81925567.0,-25.5516863820233,-49.2689271518567,NÃO,10:37:44
81925567.0,-25.5516863820233,-49.2689271518567,1,10:38:56,40,81920230.0,-25.540158846702,-49.2654606035168,NÃO,10:40:56
81920230.0,-25.540158846702,-49.2654606035168,1,10:42:08,84,81900560.0,-25.5386532636233,-49.2709988129397,NÃO,10:42:33
81900560.0,-25.5386532636233,-49.2709988129397,1,10:43:45,80,81825210.0,-25.5262738689431,-49.2736153558222,NÃO,10:44:49
81825210.0,-25.5262738689431,-49.2736153558222,1,10:46:01,40,81910230.0,-25.5278877309024,-49.2672872891657,NÃO,10:47:01
81910230.0,-25.5278877309024,-49.2672872891657,1,10:48:13,76,81910160.0,-25.530759191602,-49.2694617027723,NÃO,10:48:32
81910160.0,-25.530759191602,-49.2694617027723,1,10:49:44,88,81820330.0,-25.5169970179923,-49.2724628977617,NÃO,10:50:48
81820330.0,-25.5169970179923,-49.2724628977617,1,10:52:00,96,81810492.0,-25.5044000000137,-49.2718504999625,NÃO,10:52:53
81810492.0,-25.5044000000137,-49.2718504999625,1,10:54:05,84,81710300.0,-25.4995227903921,-49.2608604414495,NÃO,10:54:58
81710300.0,-25.4995227903921,-49.2608604414495,1,10:56:10,48,81710380.0,-25.4967925893433,-49.2594143510465,NÃO,10:56:36
81710380.0,-25.4967925893433,-49.2594143510465,1,10:57:48,48,81030370.0,-25.4881800174281,-49.2756635796428,NÃO,11:00:10
81030370.0,-25.4881800174281,-49.2756635796428,1,11:01:22,92,80240660.0,-25.4542530556284,-49.2916382221557,NÃO,11:04:03
80240660.0,-25.4542530556284,-49.2916382221557,1,11:05:15,88,80250220.0,-25.4401651682037,-49.2778677639266,NÃO,11:06:41
80250220.0,-25.4401651682037,-49.2778677639266,1,11:07:53,88,80730430.0,-25.430157,-49.293614,NÃO,11:09:13
80730430.0,-25.430157,-49.293614,1,11:10:25,36,80730450.0,-25.4295930000255,-49.2924205417543,NÃO,11:10:39
80730450.0,-25.4295930000255,-49.2924205417543,1,11:11:51,80,80510090.0,-25.4219078028813,-49.2805581841836,NÃO,11:12:57
80510090.0,-25.4219078028813,-49.2805581841836,1,11:14:09,76,80510325.0,-25.4198156998607,-49.2790781765687,NÃO,11:14:23
80510325.0,-25.4198156998607,-49.2790781765687,1,11:15:35,96,80540290.0,-25.4060056184402,-49.2667691092792,NÃO,11:16:49
80540290.0,-25.4060056184402,-49.2667691092792,1,11:18:01,92,80540140.0,-25.4021061827475,-49.2605236422368,NÃO,11:18:31
80540140.0,-25.4021061827475,-49.2605236422368,1,11:19:43,48,82200440.0,-25.393875587652,-49.2639951894228,NÃO,11:20:57
82200440.0,-25.393875587652,-49.2639951894228,1,11:22:09,92,82210230.0,-25.3823373333611,-49.2634891111916,NÃO,11:23:00
82210230.0,-25.3823373333611,-49.2634891111916,1,11:24:12,60,82650210.0,-25.3791995264108,-49.2479747365615,NÃO,11:25:48
82650210.0,-25.3791995264108,-49.2479747365615,1,11:27:00,88,82700410.0,-25.3740192069561,-49.2513782763024,NÃO,11:27:28
82700410.0,-25.3740192069561,-49.2513782763024,1,11:28:40,88,82130162.0,-25.3808898753791,-49.2691345002354,NÃO,11:30:00
82130162.0,-25.3808898753791,-49.2691345002354,1,11:31:12,40,82200216.0,-25.3890870000006,-49.270339250004,NÃO,11:32:35
82200216.0,-25.3890870000006,-49.270339250004,1,11:33:47,40,82200200.0,-25.3904101875436,-49.2691160623079,NÃO,11:34:05
82200200.0,-25.3904101875436,-49.2691160623079,1,11:35:17,76,82100270.0,-25.4014680627492,-49.2883068119821,NÃO,11:37:06
82100270.0,-25.4014680627492,-49.2883068119821,1,11:38:18,88,80520550.0,-25.403621771614,-49.2770964271839,NÃO,11:39:06
80520550.0,-25.403621771614,-49.2770964271839,1,11:40:18,84,80820310.0,-25.4086845373433,-49.2906611455039,NÃO,11:41:22
80820310.0,-25.4086845373433,-49.2906611455039,1,11:42:34,96,80410000.0,-25.4213661621413,-49.2875646174355,NÃO,11:43:29
80410000.0,-25.4213661621413,-49.2875646174355,1,11:44:41,40,80510360.0,-25.4193944591681,-49.2858097118247,NÃO,11:45:07
80510360.0,-25.4193944591681,-49.2858097118247,1,11:46:19,84,80710350.0,-25.4333576000608,-49.3086768002282,NÃO,11:48:18
80710350.0,-25.4333576000608,-49.3086768002282,1,11:49:30,96,80730270.0,-25.4395442941516,-49.3020722939492,NÃO,11:50:06
80730270.0,-25.4395442941516,-49.3020722939492,1,11:51:18,96,80440020.0,-25.4428337956861,-49.300747838027,SIM,11:51:33
80440020.0,-25.4428337956861,-49.300747838027,1,11:52:45,40,80240550.0,-25.4533378888945,-49.3034312777902,NÃO,11:54:33
80240550.0,-25.4533378888945,-49.3034312777902,1,11:55:45,52,80440090.0,-25.4443285001079,-49.2916224997606,NÃO,11:57:33
80440090.0,-25.4443285001079,-49.2916224997606,1,11:58:45,92,80620370.0,-25.4578113636589,-49.2746421817496,NÃO,12:00:14
80620370.0,-25.4578113636589,-49.2746421817496,1,12:01:26,80,80220380.0,-25.4622493336364,-49.2552576680305,NÃO,12:03:05
80220380.0,-25.4622493336364,-49.2552576680305,1,12:04:17,80,80620340.0,-25.4540745011999,-49.2732563508827,NÃO,12:05:42
80620340.0,-25.4540745011999,-49.2732563508827,1,12:06:54,60,80010200.0,-25.4499691308346,-49.2748090324017,NÃO,12:07:22
80010200.0,-25.4499691308346,-49.2748090324017,1,12:08:34,84,81010130.0,-25.4764195588417,-49.273155691529,NÃO,12:10:41
81010130.0,-25.4764195588417,-49.273155691529,1,12:11:53,48,81010160.0,-25.4761700909245,-49.2756320910121,NÃO,12:12:10
81010160.0,-25.4761700909245,-49.2756320910121,1,12:13:22,88,81010170.0,-25.4783570614136,-49.2757205974116,NÃO,12:13:32
81010170.0,-25.4783570614136,-49.2757205974116,1,12:14:44,64,81020420.0,-25.4920196819718,-49.2840872729491,NÃO,12:16:17
81020420.0,-25.4920196819718,-49.2840872729491,1,12:17:29,96,81110240.0,-25.5012202607084,-49.2880626203316,NÃO,12:18:10
81110240.0,-25.5012202607084,-49.2880626203316,1,12:19:22,68,81110190.0,-25.4985135816744,-49.2879505576038,NÃO,12:19:38
81110190.0,-25.4985135816744,-49.2879505576038,1,12:20:50,92,81110330.0,-25.5042910428287,-49.2847716627966,NÃO,12:21:19
81110330.0,-25.5042910428287,-49.2847716627966,1,12:22:31,88,81870310.0,-25.524150444185,-49.290210168982,NÃO,12:24:03
81870310.0,-25.524150444185,-49.290210168982,1,12:25:15,36,81870352.0,-25.5241770000303,-49.2937684998992,NÃO,12:25:46
81870352.0,-25.5241770000303,-49.2937684998992,1,12:26:58,72,81110522.0,-25.5094403220237,-49.2915096538449,NÃO,12:28:22
81110522.0,-25.5094403220237,-49.2915096538449,1,12:29:34,96,81110070.0,-25.5038132404982,-49.2938690633352,NÃO,12:29:59
81110070.0,-25.5038132404982,-49.2938690633352,1,12:31:11,72,81130270.0,-25.5076616583274,-49.3009496047833,NÃO,12:31:50
81130270.0,-25.5076616583274,-49.3009496047833,1,12:33:02,80,81170065.0,-25.5110533750523,-49.3200841245732,NÃO,12:34:24
81170065.0,-25.5110533750523,-49.3200841245732,1,12:35:36,88,81170662.0,-25.5172792272985,-49.3183728182903,NÃO,12:36:06
81170662.0,-25.5172792272985,-49.3183728182903,1,12:37:18,76,81170755.0,-25.5160188418949,-49.3308090343913,NÃO,12:38:13
81170755.0,-25.5160188418949,-49.3308090343913,1,12:39:25,88,81170762.0,-25.51557721054,-49.3290638947933,NÃO,12:39:34
81170762.0,-25.51557721054,-49.3290638947933,1,12:40:46,92,81460239.0,-25.5325141725804,-49.3365793791746,NÃO,12:42:04
81460239.0,-25.5325141725804,-49.3365793791746,1,12:43:16,96,81460210.0,-25.5323146848334,-49.3335573678969,NÃO,12:43:29
81460210.0,-25.5323146848334,-49.3335573678969,1,12:44:41,56,81460140.0,-25.5504730020315,-49.3064697407443,NÃO,12:48:41
81460140.0,-25.5504730020315,-49.3064697407443,1,12:49:53,68,81480125.0,-25.5614706374337,-49.3118706658535,NÃO,12:51:01
81480125.0,-25.5614706374337,-49.3118706658535,1,12:52:13,92,81900670.0,-25.5457748986399,-49.2827186530876,NÃO,12:54:35
81900670.0,-25.5457748986399,-49.2827186530876,1,12:55:47,76,81940210.0,-25.5603014782721,-49.2872240368535,NÃO,12:57:05
81940210.0,-25.5603014782721,-49.2872240368535,1,12:58:17,84,81940200.0,-25.5579957528383,-49.3005594977692,NÃO,12:59:12
81940200.0,-25.5579957528383,-49.3005594977692,1,13:00:24,64,81480170.0,-25.5633003333374,-49.3185828888561,NÃO,13:02:11
81480170.0,-25.5633003333374,-49.3185828888561,1,13:03:23,64,81480152.0,-25.5584308697738,-49.3207049341475,NÃO,13:03:56
81480152.0,-25.5584308697738,-49.3207049341475,1,13:05:08,52,81480160.0,-25.5588432106598,-49.3151440012031,NÃO,13:05:47
81480160.0,-25.5588432106598,-49.3151440012031,1,13:06:59,68,81480141.0,-25.5562061667039,-49.3231896667236,NÃO,13:07:45
81480141.0,-25.5562061667039,-49.3231896667236,1,13:08:57,56,81480216.0,-25.5592031642591,-49.3274865425991,NÃO,13:09:33
81480216.0,-25.5592031642591,-49.3274865425991,1,13:10:45,80,81470089.0,-25.5687003611858,-49.3290482775162,NÃO,13:11:34
81470089.0,-25.5687003611858,-49.3290482775162,1,13:12:46,44,81470175.0,-25.567186531582,-49.3334716250438,NÃO,13:13:25
81470175.0,-25.567186531582,-49.3334716250438,1,13:14:37,76,81470255.0,-25.569630444458,-49.3374921110026,NÃO,13:15:01
81470255.0,-25.569630444458,-49.3374921110026,1,13:16:13,92,81470256.0,-25.569416591018,-49.337872181861,NÃO,13:16:15
81470256.0,-25.569416591018,-49.337872181861,1,13:17:27,84,81470300.0,-25.575776177431,-49.3365443994341,NÃO,13:17:58
81470300.0,-25.575776177431,-49.3365443994341,1,13:19:10,76,81470340.0,-25.5784518706724,-49.3362378687666,NÃO,13:19:25
81470340.0,-25.5784518706724,-49.3362378687666,1,13:20:37,56,81490370.0,-25.5945839118607,-49.3348460297419,NÃO,13:22:33
81490370.0,-25.5945839118607,-49.3348460297419,1,13:23:45,96,81490400.0,-25.5959260793478,-49.3357867186009,NÃO,13:23:52
81490400.0,-25.5959260793478,-49.3357867186009,1,13:25:04,80,81490398.0,-25.5963908362783,-49.3358913045797,NÃO,13:25:07
81490398.0,-25.5963908362783,-49.3358913045797,1,13:26:19,76,81490620.0,-25.6132684714507,-49.3349370738516,NÃO,13:27:49
81490620.0,-25.6132684714507,-49.3349370738516,1,13:29:01,92,81490010.0,-25.6154928550559,-49.3537353191769,NÃO,13:30:16
81490010.0,-25.6154928550559,-49.3537353191769,1,13:31:28,72,81490562.0,-25.6007006282316,-49.3302336035246,NÃO,13:33:52
81490562.0,-25.6007006282316,-49.3302336035246,1,13:35:04,80,81490280.0,-25.5975675014877,-49.3235433911466,NÃO,13:35:39
81490280.0,-25.5975675014877,-49.3235433911466,1,13:36:51,96,81490360.0,-25.5959260714452,-49.3331487620149,NÃO,13:37:28
81490360.0,-25.5959260714452,-49.3331487620149,1,13:38:40,88,81945040.0,-25.6022235414387,-49.3138372232201,NÃO,13:40:05
81945040.0,-25.6022235414387,-49.3138372232201,1,13:41:17,56,81480050.0,-25.5639557671639,-49.3123860165859,NÃO,13:45:51
81480050.0,-25.5639557671639,-49.3123860165859,1,13:47:03,40,81490170.0,-25.5871765229344,-49.3233641230418,NÃO,13:51:16
81490170.0,-25.5871765229344,-49.3233641230418,1,13:52:28,92,81470346.0,-25.5796239000291,-49.33524810001,NÃO,13:53:26
81470346.0,-25.5796239000291,-49.33524810001,1,13:54:38,36,81470370.0,-25.5778784839382,-49.3341110960705,NÃO,13:55:01
81470370.0,-25.5778784839382,-49.3341110960705,1,13:56:13,68,81470290.0,-25.5737515550149,-49.3412589936849,NÃO,13:56:59
81470290.0,-25.5737515550149,-49.3412589936849,1,13:58:11,76,81470055.0,-25.5630048148415,-49.3383968771216,NÃO,13:59:10
81470055.0,-25.5630048148415,-49.3383968771216,1,14:00:22,92,81460235.0,-25.5296041641745,-49.3384583258202,NÃO,14:02:48
81460235.0,-25.5296041641745,-49.3384583258202,1,14:04:00,84,81350607.0,-25.5098119631631,-49.3366327775834,NÃO,14:05:35
81350607.0,-25.5098119631631,-49.3366327775834,1,14:06:47,96,81170370.0,-25.514465668778,-49.3258065209142,NÃO,14:07:33
81170370.0,-25.514465668778,-49.3258065209142,1,14:08:45,80,81315685.0,-25.5115270000027,-49.3255583333193,NÃO,14:09:00
81315685.0,-25.5115270000027,-49.3255583333193,1,14:10:12,92,81312000.0,-25.5030856483401,-49.3152229520216,NÃO,14:11:07
81312000.0,-25.5030856483401,-49.3152229520216,1,14:12:19,88,81310370.0,-25.5005119473929,-49.3186624209516,NÃO,14:12:38
81310370.0,-25.5005119473929,-49.3186624209516,1,14:13:50,48,81350320.0,-25.4992029361912,-49.3318588311607,NÃO,14:15:30
81350320.0,-25.4992029361912,-49.3318588311607,1,14:16:42,84,81350712.0,-25.4960801542241,-49.3371847691929,NÃO,14:17:10
81350712.0,-25.4960801542241,-49.3371847691929,1,14:18:22,60,81350713.0,-25.496557235688,-49.3371662352983,NÃO,14:18:26
81350713.0,-25.496557235688,-49.3371662352983,1,14:19:38,96,81450520.0,-25.4951670667098,-49.3442928001987,NÃO,14:20:06
81450520.0,-25.4951670667098,-49.3442928001987,1,14:21:18,48,81350686.0,-25.4936598469491,-49.3400481020638,NÃO,14:21:53
81350686.0,-25.4936598469491,-49.3400481020638,1,14:23:05,64,81250610.0,-25.4933426909383,-49.3409114723655,NÃO,14:23:11
81250610.0,-25.4933426909383,-49.3409114723655,1,14:24:23,60,81450410.0,-25.4981067710058,-49.3448539613686,NÃO,14:25:03
81450410.0,-25.4981067710058,-49.3448539613686,1,14:26:15,88,81450140.0,-25.4974735953017,-49.3493514288727,NÃO,14:26:34
81450140.0,-25.4974735953017,-49.3493514288727,1,14:27:46,68,81450195.0,-25.4997584943394,-49.3532384355102,NÃO,14:28:11
81450195.0,-25.4997584943394,-49.3532384355102,1,14:29:23,84,81452334.0,-25.5061884000766,-49.3539056000423,NÃO,14:29:54
81452334.0,-25.5061884000766,-49.3539056000423,1,14:31:06,80,81452040.0,-25.4998370213564,-49.3545044201704,NÃO,14:31:38
81452040.0,-25.4998370213564,-49.3545044201704,1,14:32:50,84,81260160.0,-25.488209,-49.348703,NÃO,14:33:51
81260160.0,-25.488209,-49.348703,1,14:35:03,88,81450340.0,-25.4902346316319,-49.3486330527676,NÃO,14:35:13
81450340.0,-25.4902346316319,-49.3486330527676,1,14:36:25,96,81450350.0,-25.4902280000456,-49.348047000162,NÃO,14:36:28
81450350.0,-25.4902280000456,-49.348047000162,1,14:37:40,88,81450310.0,-25.4928927891057,-49.3482807107009,NÃO,14:37:53
81450310.0,-25.4928927891057,-49.3482807107009,1,14:39:05,92,81250482.0,-25.4865966553425,-49.3378683447999,NÃO,14:39:55
81250482.0,-25.4865966553425,-49.3378683447999,1,14:41:07,92,81330220.0,-25.4843712333489,-49.3355483883407,NÃO,14:41:21
81330220.0,-25.4843712333489,-49.3355483883407,1,14:42:33,72,81240490.0,-25.4789005295822,-49.3358291909315,NÃO,14:43:04
81240490.0,-25.4789005295822,-49.3358291909315,1,14:44:16,96,81260350.0,-25.4831184667002,-49.3499515999385,SIM,14:45:12
81260350.0,-25.4831184667002,-49.3499515999385,1,14:46:24,80,81260412.0,-25.4811505865638,-49.3545312407406,NÃO,14:46:47
81260412.0,-25.4811505865638,-49.3545312407406,1,14:47:59,68,81265330.0,-25.4702238422545,-49.3713250851996,NÃO,14:49:50
81265330.0,-25.4702238422545,-49.3713250851996,1,14:51:02,92,81260470.0,-25.4878793333939,-49.3499858333103,NÃO,14:52:56
81260470.0,-25.4878793333939,-49.3499858333103,1,14:54:08,80,81260210.0,-25.4862514891775,-49.350391101116,NÃO,14:54:17
81260210.0,-25.4862514891775,-49.350391101116,1,14:55:29,84,81250210.0,-25.4756844576971,-49.3473682666473,NÃO,14:56:22
81250210.0,-25.4756844576971,-49.3473682666473,1,14:57:34,52,81240110.0,-25.4758162194925,-49.3455733886983,NÃO,14:57:47
81240110.0,-25.4758162194925,-49.3455733886983,1,14:58:59,80,81250190.0,-25.4787356976141,-49.3477187290333,NÃO,14:59:17
81250190.0,-25.4787356976141,-49.3477187290333,1,15:00:29,68,81250720.0,-25.4815524899573,-49.3385838295334,NÃO,15:01:25
81250720.0,-25.4815524899573,-49.3385838295334,1,15:02:37,80,81330620.0,-25.4883481133979,-49.3345923101625,NÃO,15:03:14
81330620.0,-25.4883481133979,-49.3345923101625,1,15:04:26,80,81330550.0,-25.4845347422664,-49.323856720273,NÃO,15:05:29
81330550.0,-25.4845347422664,-49.323856720273,1,15:06:41,96,81320083.0,-25.4770955000105,-49.3183277499707,NÃO,15:07:25
81320083.0,-25.4770955000105,-49.3183277499707,1,15:08:37,36,81050637.0,-25.4835295000015,-49.3145007999984,NÃO,15:09:46
81050637.0,-25.4835295000015,-49.3145007999984,1,15:10:58,84,81050610.0,-25.4838938211145,-49.3106146746474,NÃO,15:11:17
81050610.0,-25.4838938211145,-49.3106146746474,1,15:12:29,88,81070310.0,-25.4777156282764,-49.3079769301493,NÃO,15:13:05
81070310.0,-25.4777156282764,-49.3079769301493,1,15:14:17,64,81320290.0,-25.4748252660661,-49.3107362306741,NÃO,15:14:41
81320290.0,-25.4748252660661,-49.3107362306741,1,15:15:53,96,80330120.0,-25.4711980670357,-49.3106388116797,NÃO,15:16:10
80330120.0,-25.4711980670357,-49.3106388116797,1,15:17:22,76,80330250.0,-25.4685255880972,-49.3077515647853,NÃO,15:17:47
80330250.0,-25.4685255880972,-49.3077515647853,1,15:18:59,88,81220170.0,-25.4569440522711,-49.3221956960987,NÃO,15:20:17
81220170.0,-25.4569440522711,-49.3221956960987,1,15:21:29,88,80310110.0,-25.4618760201347,-49.3131981040754,NÃO,15:22:14
80310110.0,-25.4618760201347,-49.3131981040754,1,15:23:26,76,80320140.0,-25.4645330930821,-49.294537482629,NÃO,15:25:06
80320140.0,-25.4645330930821,-49.294537482629,1,15:26:18,92,80220200.0,-25.4672406908201,-49.2801499774178,NÃO,15:27:21
80220200.0,-25.4672406908201,-49.2801499774178,1,15:28:33,76,80610300.0,-25.463999400884,-49.2889687454307,NÃO,15:29:15
80610300.0,-25.463999400884,-49.2889687454307,1,15:30:27,96,80320110.0,-25.4631702181385,-49.2942522954363,NÃO,15:30:46
80320110.0,-25.4631702181385,-49.2942522954363,1,15:31:58,92,81070000.0,-25.4763966710448,-49.3031041977101,NÃO,15:32:57
81070000.0,-25.4763966710448,-49.3031041977101,1,15:34:09,76,81050411.0,-25.482982,-49.305864,NÃO,15:34:41
81050411.0,-25.482982,-49.305864,1,15:35:53,56,81020150.0,-25.4852090685074,-49.2875810685635,NÃO,15:38:11
81020150.0,-25.4852090685074,-49.2875810685635,1,15:39:23,88,81030380.0,-25.4878438322257,-49.2772121864255,NÃO,15:40:11
81030380.0,-25.4878438322257,-49.2772121864255,1,15:41:23,84,81030100.0,-25.4832995440473,-49.2706444334036,NÃO,15:42:07
81030100.0,-25.4832995440473,-49.2706444334036,1,15:43:19,92,81030180.0,-25.4763519008138,-49.2647633349843,NÃO,15:44:05
81030180.0,-25.4763519008138,-49.2647633349843,1,15:45:17,80,81610020.0,-25.4773976954983,-49.2479963707565,NÃO,15:46:43
81610020.0,-25.4773976954983,-49.2479963707565,1,15:47:55,80,81510570.0,-25.4741691564102,-49.242520655745,NÃO,15:48:32
81510570.0,-25.4741691564102,-49.242520655745,1,15:49:44,88,81570010.0,-25.4740384750357,-49.2379956248079,NÃO,15:50:06
81570010.0,-25.4740384750357,-49.2379956248079,1,15:51:18,84,81510390.0,-25.4685143295265,-49.2421165124832,NÃO,15:51:51
81510390.0,-25.4685143295265,-49.2421165124832,1,15:53:03,76,81520290.0,-25.4627057622716,-49.2410266625473,NÃO,15:53:40
81520290.0,-25.4627057622716,-49.2410266625473,1,15:54:52,96,81510040.0,-25.4602953492636,-49.2465827083158,NÃO,15:55:14
81510040.0,-25.4602953492636,-49.2465827083158,1,15:56:26,92,80215650.0,-25.4484380190541,-49.2490664368478,NÃO,15:57:24
80215650.0,-25.4484380190541,-49.2490664368478,1,15:58:36,80,80210400.0,-25.4463780000737,-49.2468984999865,NÃO,15:58:54
80210400.0,-25.4463780000737,-49.2468984999865,1,16:00:06,40,80215542.0,-25.4467561755521,-49.2503976846901,NÃO,16:00:38
80215542.0,-25.4467561755521,-49.2503976846901,1,16:01:50,88,81510160.0,-25.4561970876697,-49.2447744337813,NÃO,16:02:39
81510160.0,-25.4561970876697,-49.2447744337813,1,16:03:51,92,81520250.0,-25.4595564842104,-49.2411990341756,NÃO,16:04:12
81520250.0,-25.4595564842104,-49.2411990341756,1,16:05:24,64,81520300.0,-25.4623570695212,-49.2422078636873,NÃO,16:05:43
81520300.0,-25.4623570695212,-49.2422078636873,1,16:06:55,48,81530380.0,-25.4625848305665,-49.2300931009572,NÃO,16:08:27
81530380.0,-25.4625848305665,-49.2300931009572,1,16:09:39,84,81560730.0,-25.476983000057,-49.2242420001757,NÃO,16:10:53
81560730.0,-25.476983000057,-49.2242420001757,1,16:12:05,60,81570001.0,-25.4825630317905,-49.2238324147895,NÃO,16:12:43
81570001.0,-25.4825630317905,-49.2238324147895,1,16:13:55,72,81570240.0,-25.4811182084669,-49.2271006252739,NÃO,16:14:14
81570240.0,-25.4811182084669,-49.2271006252739,1,16:15:26,72,81540160.0,-25.4663186667815,-49.2166009443659,NÃO,16:17:04
81540160.0,-25.4663186667815,-49.2166009443659,1,16:18:16,36,82960200.0,-25.468586333766,-49.2107938551622,NÃO,16:19:20
82960200.0,-25.468586333766,-49.2107938551622,1,16:20:32,76,82960472.0,-25.4657194667099,-49.212058299976,NÃO,16:20:49
82960472.0,-25.4657194667099,-49.212058299976,1,16:22:01,92,82930390.0,-25.4608672106041,-49.2047594214569,NÃO,16:22:37
82930390.0,-25.4608672106041,-49.2047594214569,1,16:23:49,68,82980600.0,-25.4666337593647,-49.1916779820241,NÃO,16:25:07
82980600.0,-25.4666337593647,-49.1916779820241,1,16:26:19,36,82990000.0,-25.4637044472508,-49.198121637253,NÃO,16:27:32
82990000.0,-25.4637044472508,-49.198121637253,1,16:28:44,92,82930370.0,-25.4627990031427,-49.2053096781914,NÃO,16:29:13
82930370.0,-25.4627990031427,-49.2053096781914,1,16:30:25,76,82990150.0,-25.4599432722975,-49.1940915354714,NÃO,16:31:21
82990150.0,-25.4599432722975,-49.1940915354714,1,16:32:33,96,82990198.0,-25.4560595000466,-49.1987434093442,NÃO,16:32:57
82990198.0,-25.4560595000466,-49.1987434093442,1,16:34:09,56,82960518.0,-25.4654572500437,-49.1984884999811,NÃO,16:35:17
82960518.0,-25.4654572500437,-49.1984884999811,1,16:36:29,80,82980520.0,-25.4702554549873,-49.1880231206476,NÃO,16:37:23
82980520.0,-25.4702554549873,-49.1880231206476,1,16:38:35,48,81590210.0,-25.4814447782289,-49.198611250503,NÃO,16:40:38
81590210.0,-25.4814447782289,-49.198611250503,1,16:41:50,52,81590220.0,-25.4821304044981,-49.1983598981544,NÃO,16:41:56
81590220.0,-25.4821304044981,-49.1983598981544,1,16:43:08,52,81590568.0,-25.4865484092882,-49.1981543961654,NÃO,16:43:43
81590568.0,-25.4865484092882,-49.1981543961654,1,16:44:55,76,81590270.0,-25.4844592157371,-49.203473764438,NÃO,16:45:23
81590270.0,-25.4844592157371,-49.203473764438,1,16:46:35,92,81550315.0,-25.4881320075695,-49.208315008611,NÃO,16:47:00
81550315.0,-25.4881320075695,-49.208315008611,1,16:48:12,64,81550430.0,-25.4903390577391,-49.20628701026,NÃO,16:48:30
81550430.0,-25.4903390577391,-49.20628701026,1,16:49:42,76,81550490.0,-25.4924960602498,-49.2054049266086,NÃO,16:49:55
81550490.0,-25.4924960602498,-49.2054049266086,1,16:51:07,92,81590576.0,-25.4942162501529,-49.2012669496276,NÃO,16:51:25
81590576.0,-25.4942162501529,-49.2012669496276,1,16:52:37,84,81590045.0,-25.4936220026944,-49.1988741650016,NÃO,16:52:48
81590045.0,-25.4936220026944,-49.1988741650016,1,16:54:00,80,81590578.0,-25.4926040000053,-49.2000059999854,NÃO,16:54:08
81590578.0,-25.4926040000053,-49.2000059999854,1,16:55:20,96,81590340.0,-25.486945243492,-49.2043714494834,NÃO,16:55:49
81590340.0,-25.486945243492,-49.2043714494834,1,16:57:01,72,81590577.0,-25.4923383333506,-49.2002912221858,NÃO,16:57:38
81590577.0,-25.4923383333506,-49.2002912221858,1,16:58:50,96,81560570.0,-25.4943561601417,-49.2107486004445,NÃO,16:59:31
81560570.0,-25.4943561601417,-49.2107486004445,1,17:00:43,76,81560250.0,-25.4891353622078,-49.2181798796427,NÃO,17:01:28
81560250.0,-25.4891353622078,-49.2181798796427,1,17:02:40,96,81560480.0,-25.4932949091003,-49.2131369999224,NÃO,17:03:06
81560480.0,-25.4932949091003,-49.2131369999224,1,17:04:18,96,81580020.0,-25.4882127778241,-49.2241676667996,NÃO,17:05:05
81580020.0,-25.4882127778241,-49.2241676667996,1,17:06:17,76,81580179.0,-25.4968867857253,-49.2235692856984,NÃO,17:07:03
81580179.0,-25.4968867857253,-49.2235692856984,1,17:08:15,80,81650170.0,-25.4968831947737,-49.2251870078443,NÃO,17:08:23
81650170.0,-25.4968831947737,-49.2251870078443,1,17:09:35,92,81580050.0,-25.4911705040405,-49.228041043675,NÃO,17:10:03
81580050.0,-25.4911705040405,-49.228041043675,1,17:11:15,80,81550240.0,-25.4774264375435,-49.2110857497498,NÃO,17:12:58
81550240.0,-25.4774264375435,-49.2110857497498,1,17:14:10,44,81550150.0,-25.4770778208763,-49.2126543845983,NÃO,17:14:24
81550150.0,-25.4770778208763,-49.2126543845983,1,17:15:36,80,82960488.0,-25.4654066369594,-49.210649939143,NÃO,17:16:36
82960488.0,-25.4654066369594,-49.210649939143,1,17:17:48,56,82930030.0,-25.4568138879969,-49.2056962318778,NÃO,17:18:58
82930030.0,-25.4568138879969,-49.2056962318778,1,17:20:10,80,82930428.0,-25.4555670002028,-49.2033254441496,NÃO,17:20:23
82930428.0,-25.4555670002028,-49.2033254441496,1,17:21:35,76,82930000.0,-25.4522168930604,-49.2076848688181,NÃO,17:22:03
82930000.0,-25.4522168930604,-49.2076848688181,1,17:23:15,96,82920090.0,-25.4493406843058,-49.2065936315104,NÃO,17:23:28
82920090.0,-25.4493406843058,-49.2065936315104,1,17:24:40,92,82810220.0,-25.4362783812433,-49.2176039050576,NÃO,17:25:52
82810220.0,-25.4362783812433,-49.2176039050576,1,17:27:04,96,82810080.0,-25.4396831550178,-49.213992719196,NÃO,17:27:24
82810080.0,-25.4396831550178,-49.213992719196,1,17:28:36,92,82900480.0,-25.445789018659,-49.2173394258684,NÃO,17:29:06
82900480.0,-25.445789018659,-49.2173394258684,1,17:30:18,68,82950220.0,-25.4538040386831,-49.2173702690989,NÃO,17:31:06
82950220.0,-25.4538040386831,-49.2173702690989,1,17:32:18,84,82940170.0,-25.454631812,-49.2228321157173,NÃO,17:32:42
82940170.0,-25.454631812,-49.2228321157173,1,17:33:54,76,80210200.0,-25.4425802500035,-49.2447534999719,NÃO,17:35:57
80210200.0,-25.4425802500035,-49.2447534999719,1,17:37:09,52,80050440.0,-25.4325298004091,-49.2411146661928,NÃO,17:38:31
80050440.0,-25.4325298004091,-49.2411146661928,1,17:39:43,84,80050435.0,-25.4305533081275,-49.2435107491958,NÃO,17:39:57
80050435.0,-25.4305533081275,-49.2435107491958,1,17:41:09,72,82800310.0,-25.4363060856137,-49.2266446131255,NÃO,17:42:40
82800310.0,-25.4363060856137,-49.2266446131255,1,17:43:52,92,82530380.0,-25.4300625729625,-49.2336060009616,NÃO,17:44:31
82530380.0,-25.4300625729625,-49.2336060009616,1,17:45:43,60,82530060.0,-25.425394880957,-49.2359359145395,NÃO,17:46:18
82530060.0,-25.425394880957,-49.2359359145395,1,17:47:30,88,82520150.0,-25.4121197273283,-49.2373089094202,NÃO,17:48:31
82520150.0,-25.4121197273283,-49.2373089094202,1,17:49:43,88,82510514.0,-25.4130335000161,-49.2401459999717,NÃO,17:49:56
82510514.0,-25.4130335000161,-49.2401459999717,1,17:51:08,76,82510100.0,-25.409050749392,-49.2385843936,NÃO,17:51:31
82510100.0,-25.409050749392,-49.2385843936,1,17:52:43,56,80035210.0,-25.4018593540355,-49.2501065029327,NÃO,17:54:14
80035210.0,-25.4018593540355,-49.2501065029327,1,17:55:26,88,80010160.0,-25.3975876007521,-49.2498549128683,NÃO,17:55:46
80010160.0,-25.3975876007521,-49.2498549128683,1,17:56:58,92,82650230.0,-25.3772499488416,-49.2469517894625,NÃO,17:58:28
82650230.0,-25.3772499488416,-49.2469517894625,1,17:59:40,96,82650320.0,-25.3737566254647,-49.2469140011033,NÃO,17:59:55
82650320.0,-25.3737566254647,-49.2469140011033,1,18:01:07,72,82710082.0,-25.3647667288143,-49.2518749086381,NÃO,18:02:00
82710082.0,-25.3647667288143,-49.2518749086381,1,18:03:12,76,82700540.0,-25.3703488003616,-49.2570179996848,NÃO,18:03:48
82700540.0,-25.3703488003616,-49.2570179996848,1,18:05:00,96,82220563.0,-25.3564836666715,-49.2790128333043,SIM,18:06:35
82220563.0,-25.3564836666715,-49.2790128333043,1,18:07:47,76,82710330.0,-25.3530998572423,-49.2583428932106,NÃO,18:09:39
82710330.0,-25.3530998572423,-49.2583428932106,1,18:10:51,92,82710320.0,-25.3550854904869,-49.2588717776273,NÃO,18:11:00
82710320.0,-25.3550854904869,-49.2588717776273,1,18:12:12,76,82720410.0,-25.3531644337776,-49.232263242608,NÃO,18:14:35
82720410.0,-25.3531644337776,-49.232263242608,1,18:15:47,80,82720240.0,-25.3649974344476,-49.2309054649185,NÃO,18:16:47
82720240.0,-25.3649974344476,-49.2309054649185,1,18:17:59,76,82650470.0,-25.3694403145923,-49.2428589272921,NÃO,18:18:55
82650470.0,-25.3694403145923,-49.2428589272921,1,18:20:07,80,82640640.0,-25.3715918782937,-49.2403618225252,NÃO,18:20:24
82640640.0,-25.3715918782937,-49.2403618225252,1,18:21:36,40,82650060.0,-25.3808622827653,-49.242762203191,NÃO,18:23:06
82650060.0,-25.3808622827653,-49.242762203191,1,18:24:18,76,82640400.0,-25.3780721034646,-49.2387994310608,NÃO,18:24:45
82640400.0,-25.3780721034646,-49.2387994310608,1,18:25:57,88,82640710.0,-25.3761139167061,-49.2360147500568,NÃO,18:26:13
82640710.0,-25.3761139167061,-49.2360147500568,1,18:27:25,92,82620150.0,-25.3843628304926,-49.2203917399179,NÃO,18:28:42
82620150.0,-25.3843628304926,-49.2203917399179,1,18:29:54,96,82630494.0,-25.3769201560983,-49.2197021839363,NÃO,18:30:26
82630494.0,-25.3769201560983,-49.2197021839363,1,18:31:38,72,82630290.0,-25.371866280235,-49.2091730004846,NÃO,18:32:45
82630290.0,-25.371866280235,-49.2091730004846,1,18:33:57,60,82860360.0,-25.3827108510463,-49.1953359321141,NÃO,18:36:00
82860360.0,-25.3827108510463,-49.1953359321141,1,18:37:12,64,82860400.0,-25.3861406843164,-49.1978955789077,NÃO,18:37:37
82860400.0,-25.3861406843164,-49.1978955789077,1,18:38:49,76,82600070.0,-25.3907411036522,-49.2112438117616,NÃO,18:39:51
82600070.0,-25.3907411036522,-49.2112438117616,1,18:41:03,96,82630100.0,-25.3812692780083,-49.2161803524462,NÃO,18:41:46
82630100.0,-25.3812692780083,-49.2161803524462,1,18:42:58,40,82600750.0,-25.3958555000045,-49.2162615000035,NÃO,18:45:21
82600750.0,-25.3958555000045,-49.2162615000035,1,18:46:33,72,82600640.0,-25.3981885762214,-49.2162511520761,NÃO,18:46:46
82600640.0,-25.3981885762214,-49.2162511520761,1,18:47:58,40,82840140.0,-25.4035558681452,-49.2092009936114,NÃO,18:49:36
82840140.0,-25.4035558681452,-49.2092009936114,1,18:50:48,84,82820300.0,-25.4107437445588,-49.2017098689937,NÃO,18:51:39
82820300.0,-25.4107437445588,-49.2017098689937,1,18:52:51,92,82821016.0,-25.4270763750322,-49.209505500185,NÃO,18:54:06
82821016.0,-25.4270763750322,-49.209505500185,1,18:55:18,56,82520590.0,-25.4131761050287,-49.2261971905551,NÃO,18:57:30
82520590.0,-25.4131761050287,-49.2261971905551,1,18:58:42,92,82520040.0,-25.413549500017,-49.2301156541579,NÃO,18:58:57
82520040.0,-25.413549500017,-49.2301156541579,2,06:00:00,76,82820460.0,-25.4179465264684,-49.2222826851176,NÃO,06:00:43
82820460.0,-25.4179465264684,-49.2222826851176,2,06:01:55,88,82515190.0,-25.399238,-49.229496,NÃO,06:03:21
82515190.0,-25.399238,-49.229496,2,06:04:33,60,82840120.0,-25.4055829533743,-49.2167226661471,NÃO,06:05:57
82840120.0,-25.4055829533743,-49.2167226661471,2,06:07:09,84,82821020.0,-25.4233146347775,-49.2160678044742,NÃO,06:08:41
