CEP_inicial,Latitude_inicial,Longitude_inicial,Dia_do_voo,Hora_inicial,Velocidade,CEP_final,Latitude_final,Longitude_final,Pouso,Hora_final
82821020.0,-25.4233146347775,-49.2160678044742,1,06:00:00,72,82530380.0,-25.4300625729625,-49.2336060009616,NÃO,06:01:39
82530380.0,-25.4300625729625,-49.2336060009616,1,06:02:51,84,82530060.0,-25.425394880957,-49.2359359145395,NÃO,06:03:17
82530060.0,-25.425394880957,-49.2359359145395,1,06:04:29,96,82800310.0,-25.4363060856137,-49.2266446131255,NÃO,06:05:24
82800310.0,-25.4363060856137,-49.2266446131255,1,06:06:36,92,80050440.0,-25.4325298004091,-49.2411146661928,NÃO,06:07:39
80050440.0,-25.4325298004091,-49.2411146661928,1,06:08:51,96,80010040.0,-25.433306347953,-49.2586024190518,NÃO,06:10:00
80010040.0,-25.433306347953,-49.2586024190518,1,06:11:12,76,80045160.0,-25.4227240373025,-49.257747950136,NÃO,06:12:11
80045160.0,-25.4227240373025,-49.257747950136,1,06:13:23,76,80215650.0,-25.4484380190541,-49.2490664368478,NÃO,06:15:37
80215650.0,-25.4484380190541,-49.2490664368478,1,06:16:49,68,81710380.0,-25.4967925893433,-49.2594143510465,NÃO,06:21:27
81710380.0,-25.4967925893433,-49.2594143510465,1,06:22:39,52,81130270.0,-25.5076616583274,-49.3009496047833,NÃO,06:27:54
81130270.0,-25.5076616583274,-49.3009496047833,1,06:29:06,96,81312000.0,-25.5030856483401,-49.3152229520216,NÃO,06:30:07
81312000.0,-25.5030856483401,-49.3152229520216,1,06:31:19,92,81305650.0,-25.5010554166774,-49.3233459999556,NÃO,06:31:54
81305650.0,-25.5010554166774,-49.3233459999556,1,06:33:06,96,81170762.0,-25.51557721054,-49.3290638947933,NÃO,06:34:09
81170762.0,-25.51557721054,-49.3290638947933,1,06:35:21,60,81870352.0,-25.5241770000303,-49.2937684998992,NÃO,06:38:46
81870352.0,-25.5241770000303,-49.2937684998992,1,06:39:58,92,81880380.0,-25.5395481532947,-49.2924784574248,NÃO,06:41:03
81880380.0,-25.5395481532947,-49.2924784574248,1,06:42:15,88,81880240.0,-25.5404745077498,-49.2975794776044,NÃO,06:42:38
81880240.0,-25.5404745077498,-49.2975794776044,1,06:43:50,88,81480141.0,-25.5562061667039,-49.3231896667236,NÃO,06:45:59
81480141.0,-25.5562061667039,-49.3231896667236,1,06:47:11,92,81470255.0,-25.569630444458,-49.3374921110026,NÃO,06:48:32
81470255.0,-25.569630444458,-49.3374921110026,1,06:49:44,92,81490370.0,-25.5945839118607,-49.3348460297419,NÃO,06:51:29
81490370.0,-25.5945839118607,-49.3348460297419,1,06:52:41,92,81490280.0,-25.5975675014877,-49.3235433911466,NÃO,06:53:25
81490280.0,-25.5975675014877,-49.3235433911466,1,06:54:37,92,81945040.0,-25.6022235414387,-49.3138372232201,NÃO,06:55:18
81945040.0,-25.6022235414387,-49.3138372232201,1,06:56:30,92,81490620.0,-25.6132684714507,-49.3349370738516,NÃO,06:58:08
81490620.0,-25.6132684714507,-49.3349370738516,1,06:59:20,36,81490400.0,-25.5959260793478,-49.3357867186009,NÃO,07:02:56
81490400.0,-25.5959260793478,-49.3357867186009,1,07:04:08,92,81470346.0,-25.5796239000291,-49.33524810001,NÃO,07:05:19
81470346.0,-25.5796239000291,-49.33524810001,1,07:06:31,92,81470370.0,-25.5778784839382,-49.3341110960705,NÃO,07:06:40
81470370.0,-25.5778784839382,-49.3341110960705,1,07:07:52,80,81470290.0,-25.5737515550149,-49.3412589936849,NÃO,07:08:31
81470290.0,-25.5737515550149,-49.3412589936849,1,07:09:43,48,81480216.0,-25.5592031642591,-49.3274865425991,NÃO,07:12:23
81480216.0,-25.5592031642591,-49.3274865425991,1,07:13:35,36,81470175.0,-25.567186531582,-49.3334716250438,NÃO,07:15:23
81470175.0,-25.567186531582,-49.3334716250438,1,07:16:35,84,81470055.0,-25.5630048148415,-49.3383968771216,NÃO,07:17:05
81470055.0,-25.5630048148415,-49.3383968771216,1,07:18:17,84,81150120.0,-25.5170223068465,-49.3040621642926,NÃO,07:22:42
81150120.0,-25.5170223068465,-49.3040621642926,1,07:23:54,56,81150130.0,-25.5161805037496,-49.3043711084487,NÃO,07:24:01
81150130.0,-25.5161805037496,-49.3043711084487,1,07:25:13,92,81170370.0,-25.514465668778,-49.3258065209142,NÃO,07:26:38
81170370.0,-25.514465668778,-49.3258065209142,1,07:27:50,92,81460235.0,-25.5296041641745,-49.3384583258202,NÃO,07:29:13
81460235.0,-25.5296041641745,-49.3384583258202,1,07:30:25,64,81315685.0,-25.5115270000027,-49.3255583333193,NÃO,07:32:40
81315685.0,-25.5115270000027,-49.3255583333193,1,07:33:52,60,81170755.0,-25.5160188418949,-49.3308090343913,NÃO,07:34:36
81170755.0,-25.5160188418949,-49.3308090343913,1,07:35:48,48,81170662.0,-25.5172792272985,-49.3183728182903,NÃO,07:37:23
81170662.0,-25.5172792272985,-49.3183728182903,1,07:38:35,88,81940210.0,-25.5603014782721,-49.2872240368535,NÃO,07:42:29
81940210.0,-25.5603014782721,-49.2872240368535,1,07:43:41,76,81900670.0,-25.5457748986399,-49.2827186530876,NÃO,07:45:01
81900670.0,-25.5457748986399,-49.2827186530876,1,07:46:13,80,81910570.0,-25.5339269047986,-49.2586402382427,NÃO,07:48:17
81910570.0,-25.5339269047986,-49.2586402382427,1,07:49:29,92,81910390.0,-25.5316857069475,-49.261658650228,NÃO,07:49:45
81910390.0,-25.5316857069475,-49.261658650228,1,07:50:57,92,81910030.0,-25.5361378385276,-49.2685374132639,NÃO,07:51:31
81910030.0,-25.5361378385276,-49.2685374132639,1,07:52:43,92,81920735.0,-25.5391678846873,-49.2615212690534,NÃO,07:53:14
81920735.0,-25.5391678846873,-49.2615212690534,1,07:54:26,96,81925578.0,-25.5519935625411,-49.267926124915,NÃO,07:55:25
81925578.0,-25.5519935625411,-49.267926124915,1,07:56:37,88,81920747.0,-25.5329949004335,-49.2526856997565,NÃO,07:58:24
81920747.0,-25.5329949004335,-49.2526856997565,1,07:59:36,48,81750200.0,-25.5157135001734,-49.243793374824,NÃO,08:02:15
81750200.0,-25.5157135001734,-49.243793374824,1,08:03:27,84,81590578.0,-25.4926040000053,-49.2000059999854,NÃO,08:07:06
81590578.0,-25.4926040000053,-49.2000059999854,1,08:08:18,88,81590577.0,-25.4923383333506,-49.2002912221858,NÃO,08:08:20
81590577.0,-25.4923383333506,-49.2002912221858,1,08:09:32,56,81590220.0,-25.4821304044981,-49.1983598981544,NÃO,08:10:47
81590220.0,-25.4821304044981,-49.1983598981544,1,08:11:59,96,81550315.0,-25.4881320075695,-49.208315008611,NÃO,08:12:45
81550315.0,-25.4881320075695,-49.208315008611,1,08:13:57,60,82960200.0,-25.468586333766,-49.2107938551622,SIM,08:16:09
82960200.0,-25.468586333766,-49.2107938551622,1,08:17:21,52,81540160.0,-25.4663186667815,-49.2166009443659,NÃO,08:18:05
81540160.0,-25.4663186667815,-49.2166009443659,1,08:19:17,72,81550150.0,-25.4770778208763,-49.2126543845983,NÃO,08:20:21
81550150.0,-25.4770778208763,-49.2126543845983,1,08:21:33,92,81510160.0,-25.4561970876697,-49.2447744337813,NÃO,08:24:09
81510160.0,-25.4561970876697,-49.2447744337813,1,08:25:21,76,80045265.0,-25.430376,-49.248243,NÃO,08:27:38
80045265.0,-25.430376,-49.248243,1,08:28:50,84,80045340.0,-25.4273942123959,-49.2452352041218,NÃO,08:29:10
80045340.0,-25.4273942123959,-49.2452352041218,1,08:30:22,92,82510100.0,-25.409050749392,-49.2385843936,NÃO,08:31:46
82510100.0,-25.409050749392,-49.2385843936,1,08:32:58,84,82515190.0,-25.399238,-49.229496,NÃO,08:33:59
82515190.0,-25.399238,-49.229496,1,08:35:11,96,82520590.0,-25.4131761050287,-49.2261971905551,NÃO,08:36:11
82520590.0,-25.4131761050287,-49.2261971905551,1,08:37:23,92,82840120.0,-25.4055829533743,-49.2167226661471,NÃO,08:38:13
82840120.0,-25.4055829533743,-49.2167226661471,1,08:39:25,40,82840140.0,-25.4035558681452,-49.2092009936114,NÃO,08:40:36
82840140.0,-25.4035558681452,-49.2092009936114,1,08:41:48,60,82860400.0,-25.3861406843164,-49.1978955789077,NÃO,08:44:03
82860400.0,-25.3861406843164,-49.1978955789077,1,08:45:15,88,82630100.0,-25.3812692780083,-49.2161803524462,NÃO,08:46:34
82630100.0,-25.3812692780083,-49.2161803524462,1,08:47:46,44,82600640.0,-25.3981885762214,-49.2162511520761,NÃO,08:50:20
82600640.0,-25.3981885762214,-49.2162511520761,1,08:51:32,44,82600750.0,-25.3958555000045,-49.2162615000035,NÃO,08:51:54
82600750.0,-25.3958555000045,-49.2162615000035,1,08:53:06,92,82600070.0,-25.3907411036522,-49.2112438117616,NÃO,08:53:36
82600070.0,-25.3907411036522,-49.2112438117616,1,08:54:48,44,82630290.0,-25.371866280235,-49.2091730004846,NÃO,08:57:41
82630290.0,-25.371866280235,-49.2091730004846,1,08:58:53,44,82620150.0,-25.3843628304926,-49.2203917399179,NÃO,09:01:20
82620150.0,-25.3843628304926,-49.2203917399179,1,09:02:32,44,82640400.0,-25.3780721034646,-49.2387994310608,NÃO,09:05:24
82640400.0,-25.3780721034646,-49.2387994310608,1,09:06:36,44,82820300.0,-25.4107437445588,-49.2017098689937,NÃO,09:12:42
82820300.0,-25.4107437445588,-49.2017098689937,1,09:13:54,44,82510514.0,-25.4130335000161,-49.2401459999717,NÃO,09:18:59
82510514.0,-25.4130335000161,-49.2401459999717,1,09:20:11,44,80050435.0,-25.4305533081275,-49.2435107491958,NÃO,09:22:24
80050435.0,-25.4305533081275,-49.2435107491958,1,09:23:36,44,82520150.0,-25.4121197273283,-49.2373089094202,NÃO,09:27:18
82520150.0,-25.4121197273283,-49.2373089094202,1,09:28:30,44,82520040.0,-25.413549500017,-49.2301156541579,NÃO,09:29:27
82520040.0,-25.413549500017,-49.2301156541579,1,09:30:39,92,80045270.0,-25.4269458358083,-49.2498379452408,NÃO,09:32:10
80045270.0,-25.4269458358083,-49.2498379452408,1,09:33:22,92,80215542.0,-25.4467561755521,-49.2503976846901,NÃO,09:34:41
80215542.0,-25.4467561755521,-49.2503976846901,1,09:35:53,92,80210400.0,-25.4463780000737,-49.2468984999865,NÃO,09:36:07
80210400.0,-25.4463780000737,-49.2468984999865,1,09:37:19,92,81510390.0,-25.4685143295265,-49.2421165124832,NÃO,09:38:48
81510390.0,-25.4685143295265,-49.2421165124832,1,09:40:00,92,80010200.0,-25.4499691308346,-49.2748090324017,NÃO,09:42:40
80010200.0,-25.4499691308346,-49.2748090324017,1,09:43:52,92,80220380.0,-25.4622493336364,-49.2552576680305,NÃO,09:45:20
80220380.0,-25.4622493336364,-49.2552576680305,1,09:46:32,92,81570240.0,-25.4811182084669,-49.2271006252739,NÃO,09:48:42
81570240.0,-25.4811182084669,-49.2271006252739,1,09:49:54,60,81570360.0,-25.4857325221308,-49.2299521315212,NÃO,09:50:25
81570360.0,-25.4857325221308,-49.2299521315212,1,09:51:37,80,81650080.0,-25.4844139677447,-49.2377486322425,NÃO,09:52:14
81650080.0,-25.4844139677447,-49.2377486322425,1,09:53:26,92,81560730.0,-25.476983000057,-49.2242420001757,NÃO,09:54:32
81560730.0,-25.476983000057,-49.2242420001757,1,09:55:44,92,81590568.0,-25.4865484092882,-49.1981543961654,NÃO,09:57:30
81590568.0,-25.4865484092882,-49.1981543961654,1,09:58:42,92,81590045.0,-25.4936220026944,-49.1988741650016,NÃO,09:59:10
81590045.0,-25.4936220026944,-49.1988741650016,1,10:00:22,92,81550430.0,-25.4903390577391,-49.20628701026,NÃO,10:00:55
81550430.0,-25.4903390577391,-49.20628701026,1,10:02:07,92,81590210.0,-25.4814447782289,-49.198611250503,NÃO,10:02:57
81590210.0,-25.4814447782289,-49.198611250503,1,10:04:09,84,81590340.0,-25.486945243492,-49.2043714494834,NÃO,10:04:46
81590340.0,-25.486945243492,-49.2043714494834,1,10:05:58,92,81550490.0,-25.4924960602498,-49.2054049266086,NÃO,10:06:23
81550490.0,-25.4924960602498,-49.2054049266086,1,10:07:35,92,81560480.0,-25.4932949091003,-49.2131369999224,NÃO,10:08:06
81560480.0,-25.4932949091003,-49.2131369999224,1,10:09:18,80,81750280.0,-25.5127671393955,-49.2444025714353,NÃO,10:12:10
81750280.0,-25.5127671393955,-49.2444025714353,1,10:13:22,92,81670260.0,-25.5039440665513,-49.2550349720709,NÃO,10:14:19
81670260.0,-25.5039440665513,-49.2550349720709,1,10:15:31,92,81935437.0,-25.5569929167696,-49.2495865835216,NÃO,10:19:23
81935437.0,-25.5569929167696,-49.2495865835216,1,10:20:35,76,81650170.0,-25.4968831947737,-49.2251870078443,NÃO,10:26:13
81650170.0,-25.4968831947737,-49.2251870078443,1,10:27:25,52,81570001.0,-25.4825630317905,-49.2238324147895,SIM,10:29:16
81570001.0,-25.4825630317905,-49.2238324147895,1,10:30:28,92,81580050.0,-25.4911705040405,-49.228041043675,NÃO,10:31:09
81580050.0,-25.4911705040405,-49.228041043675,1,10:32:21,92,81560570.0,-25.4943561601417,-49.2107486004445,NÃO,10:33:31
81560570.0,-25.4943561601417,-49.2107486004445,1,10:34:43,92,81590576.0,-25.4942162501529,-49.2012669496276,NÃO,10:35:21
81590576.0,-25.4942162501529,-49.2012669496276,1,10:36:33,76,81590270.0,-25.4844592157371,-49.203473764438,NÃO,10:37:26
81590270.0,-25.4844592157371,-49.203473764438,1,10:38:38,44,82960472.0,-25.4657194667099,-49.212058299976,NÃO,10:41:43
82960472.0,-25.4657194667099,-49.212058299976,1,10:42:55,92,82950220.0,-25.4538040386831,-49.2173702690989,NÃO,10:43:51
82950220.0,-25.4538040386831,-49.2173702690989,1,10:45:03,92,82980600.0,-25.4666337593647,-49.1916779820241,NÃO,10:46:59
82980600.0,-25.4666337593647,-49.1916779820241,1,10:48:11,76,82990000.0,-25.4637044472508,-49.198121637253,NÃO,10:48:46
82990000.0,-25.4637044472508,-49.198121637253,1,10:49:58,76,82990150.0,-25.4599432722975,-49.1940915354714,NÃO,10:50:26
82990150.0,-25.4599432722975,-49.1940915354714,1,10:51:38,92,82980520.0,-25.4702554549873,-49.1880231206476,NÃO,10:52:29
82980520.0,-25.4702554549873,-49.1880231206476,1,10:53:41,92,82960518.0,-25.4654572500437,-49.1984884999811,NÃO,10:54:28
82960518.0,-25.4654572500437,-49.1984884999811,1,10:55:40,88,82930030.0,-25.4568138879969,-49.2056962318778,NÃO,10:56:30
82930030.0,-25.4568138879969,-49.2056962318778,1,10:57:42,92,81530380.0,-25.4625848305665,-49.2300931009572,NÃO,10:59:22
81530380.0,-25.4625848305665,-49.2300931009572,1,11:00:34,92,81650050.0,-25.4935107881037,-49.2359919665457,NÃO,11:02:51
81650050.0,-25.4935107881037,-49.2359919665457,1,11:04:03,92,81580020.0,-25.4882127778241,-49.2241676667996,NÃO,11:04:55
81580020.0,-25.4882127778241,-49.2241676667996,1,11:06:07,88,82930000.0,-25.4522168930604,-49.2076848688181,NÃO,11:09:05
82930000.0,-25.4522168930604,-49.2076848688181,1,11:10:17,92,82930428.0,-25.4555670002028,-49.2033254441496,NÃO,11:10:40
82930428.0,-25.4555670002028,-49.2033254441496,1,11:11:52,92,82990198.0,-25.4560595000466,-49.1987434093442,NÃO,11:12:11
82990198.0,-25.4560595000466,-49.1987434093442,1,11:13:23,96,82930370.0,-25.4627990031427,-49.2053096781914,NÃO,11:14:01
82930370.0,-25.4627990031427,-49.2053096781914,1,11:15:13,80,82930390.0,-25.4608672106041,-49.2047594214569,NÃO,11:15:23
82930390.0,-25.4608672106041,-49.2047594214569,1,11:16:35,92,82940170.0,-25.454631812,-49.2228321157173,NÃO,11:17:52
82940170.0,-25.454631812,-49.2228321157173,1,11:19:04,56,81520290.0,-25.4627057622716,-49.2410266625473,NÃO,11:21:15
81520290.0,-25.4627057622716,-49.2410266625473,1,11:22:27,96,81520250.0,-25.4595564842104,-49.2411990341756,NÃO,11:22:41
81520250.0,-25.4595564842104,-49.2411990341756,1,11:23:53,92,80620340.0,-25.4540745011999,-49.2732563508827,NÃO,11:26:02
80620340.0,-25.4540745011999,-49.2732563508827,1,11:27:14,92,80220200.0,-25.4672406908201,-49.2801499774178,NÃO,11:28:18
80220200.0,-25.4672406908201,-49.2801499774178,1,11:29:30,92,80330250.0,-25.4685255880972,-49.3077515647853,NÃO,11:31:19
80330250.0,-25.4685255880972,-49.3077515647853,1,11:32:31,84,81320290.0,-25.4748252660661,-49.3107362306741,NÃO,11:33:04
81320290.0,-25.4748252660661,-49.3107362306741,1,11:34:16,92,81050411.0,-25.482982,-49.305864,NÃO,11:34:57
81050411.0,-25.482982,-49.305864,1,11:36:09,76,81050610.0,-25.4838938211145,-49.3106146746474,NÃO,11:36:33
81050610.0,-25.4838938211145,-49.3106146746474,1,11:37:45,92,81320083.0,-25.4770955000105,-49.3183277499707,NÃO,11:38:28
81320083.0,-25.4770955000105,-49.3183277499707,1,11:39:40,92,81250210.0,-25.4756844576971,-49.3473682666473,NÃO,11:41:35
81250210.0,-25.4756844576971,-49.3473682666473,1,11:42:47,88,81265330.0,-25.4702238422545,-49.3713250851996,NÃO,11:44:29
81265330.0,-25.4702238422545,-49.3713250851996,1,11:45:41,84,81260430.0,-25.4650355019742,-49.3605952475877,NÃO,11:46:34
81260430.0,-25.4650355019742,-49.3605952475877,1,11:47:46,52,81330550.0,-25.4845347422664,-49.323856720273,NÃO,11:52:43
81330550.0,-25.4845347422664,-49.323856720273,1,11:53:55,84,81260210.0,-25.4862514891775,-49.350391101116,NÃO,11:55:50
81260210.0,-25.4862514891775,-49.350391101116,1,11:57:02,92,81350607.0,-25.5098119631631,-49.3366327775834,NÃO,11:58:58
81350607.0,-25.5098119631631,-49.3366327775834,1,12:00:10,92,81330400.0,-25.488124875843,-49.3264242140685,NÃO,12:01:56
81330400.0,-25.488124875843,-49.3264242140685,1,12:03:08,92,81450350.0,-25.4902280000456,-49.348047000162,NÃO,12:04:28
81450350.0,-25.4902280000456,-49.348047000162,1,12:05:40,92,81260350.0,-25.4831184667002,-49.3499515999385,NÃO,12:06:12
81260350.0,-25.4831184667002,-49.3499515999385,1,12:07:24,92,81260470.0,-25.4878793333939,-49.3499858333103,NÃO,12:07:45
81260470.0,-25.4878793333939,-49.3499858333103,1,12:08:57,92,81450195.0,-25.4997584943394,-49.3532384355102,NÃO,12:09:50
81450195.0,-25.4997584943394,-49.3532384355102,1,12:11:02,92,81350320.0,-25.4992029361912,-49.3318588311607,NÃO,12:12:33
81350320.0,-25.4992029361912,-49.3318588311607,1,12:13:45,56,81460239.0,-25.5325141725804,-49.3365793791746,NÃO,12:17:40
81460239.0,-25.5325141725804,-49.3365793791746,1,12:18:52,72,81460210.0,-25.5323146848334,-49.3335573678969,NÃO,12:19:09
81460210.0,-25.5323146848334,-49.3335573678969,1,12:20:21,84,81480152.0,-25.5584308697738,-49.3207049341475,NÃO,12:22:42
81480152.0,-25.5584308697738,-49.3207049341475,1,12:23:54,92,81480170.0,-25.5633003333374,-49.3185828888561,NÃO,12:24:18
81480170.0,-25.5633003333374,-49.3185828888561,1,12:25:30,92,81940200.0,-25.5579957528383,-49.3005594977692,NÃO,12:26:50
81940200.0,-25.5579957528383,-49.3005594977692,1,12:28:02,92,81910230.0,-25.5278877309024,-49.2672872891657,NÃO,12:31:17
81910230.0,-25.5278877309024,-49.2672872891657,1,12:32:29,92,81830020.0,-25.5125646322447,-49.2675350633395,NÃO,12:33:36
81830020.0,-25.5125646322447,-49.2675350633395,1,12:34:48,92,81925567.0,-25.5516863820233,-49.2689271518567,NÃO,12:37:38
81925567.0,-25.5516863820233,-49.2689271518567,1,12:38:50,92,81935303.0,-25.5548054287395,-49.2658406002244,NÃO,12:39:10
81935303.0,-25.5548054287395,-49.2658406002244,1,12:40:22,92,81935317.0,-25.5574814410697,-49.2659726298718,NÃO,12:40:34
81935317.0,-25.5574814410697,-49.2659726298718,1,12:41:46,84,81810492.0,-25.5044000000137,-49.2718504999625,NÃO,12:45:58
81810492.0,-25.5044000000137,-49.2718504999625,1,12:47:10,84,81920500.0,-25.5428123134011,-49.2544219342922,NÃO,12:50:34
81920500.0,-25.5428123134011,-49.2544219342922,1,12:51:46,84,81935446.0,-25.5561318634792,-49.2494041568186,SIM,12:52:55
81935446.0,-25.5561318634792,-49.2494041568186,1,12:54:07,92,81930367.0,-25.5617914350131,-49.2710241313602,NÃO,12:55:30
81930367.0,-25.5617914350131,-49.2710241313602,1,12:56:42,92,81935382.0,-25.5594363219748,-49.2516978436888,NÃO,12:58:05
81935382.0,-25.5594363219748,-49.2516978436888,1,12:59:17,92,81935474.0,-25.5506130891455,-49.245334911631,NÃO,13:00:05
81935474.0,-25.5506130891455,-49.245334911631,1,13:01:17,92,81460140.0,-25.5504730020315,-49.3064697407443,NÃO,13:05:17
81460140.0,-25.5504730020315,-49.3064697407443,1,13:06:29,92,81470256.0,-25.569416591018,-49.337872181861,NÃO,13:08:58
81470256.0,-25.569416591018,-49.337872181861,1,13:10:10,92,81490360.0,-25.5959260714452,-49.3331487620149,NÃO,13:12:07
81490360.0,-25.5959260714452,-49.3331487620149,1,13:13:19,88,81490398.0,-25.5963908362783,-49.3358913045797,NÃO,13:13:31
81490398.0,-25.5963908362783,-49.3358913045797,1,13:14:43,92,81490562.0,-25.6007006282316,-49.3302336035246,NÃO,13:15:13
81490562.0,-25.6007006282316,-49.3302336035246,1,13:16:25,92,81470340.0,-25.5784518706724,-49.3362378687666,NÃO,13:18:05
81470340.0,-25.5784518706724,-49.3362378687666,1,13:19:17,92,81490170.0,-25.5871765229344,-49.3233641230418,NÃO,13:20:21
81490170.0,-25.5871765229344,-49.3233641230418,1,13:21:33,64,81480050.0,-25.5639557671639,-49.3123860165859,NÃO,13:24:11
81480050.0,-25.5639557671639,-49.3123860165859,1,13:25:23,92,81870310.0,-25.524150444185,-49.290210168982,NÃO,13:28:37
81870310.0,-25.524150444185,-49.290210168982,1,13:29:49,92,81110070.0,-25.5038132404982,-49.2938690633352,NÃO,13:31:19
81110070.0,-25.5038132404982,-49.2938690633352,1,13:32:31,92,81020420.0,-25.4920196819718,-49.2840872729491,NÃO,13:33:36
81020420.0,-25.4920196819718,-49.2840872729491,1,13:34:48,92,81110240.0,-25.5012202607084,-49.2880626203316,NÃO,13:35:31
81110240.0,-25.5012202607084,-49.2880626203316,1,13:36:43,92,81030380.0,-25.4878438322257,-49.2772121864255,NÃO,13:37:56
81030380.0,-25.4878438322257,-49.2772121864255,1,13:39:08,92,81030180.0,-25.4763519008138,-49.2647633349843,NÃO,13:40:18
81030180.0,-25.4763519008138,-49.2647633349843,1,13:41:30,92,81570092.0,-25.47733771481,-49.2394309559741,NÃO,13:43:10
81570092.0,-25.47733771481,-49.2394309559741,1,13:44:22,92,81510570.0,-25.4741691564102,-49.242520655745,NÃO,13:44:41
81510570.0,-25.4741691564102,-49.242520655745,1,13:45:53,92,81610020.0,-25.4773976954983,-49.2479963707565,NÃO,13:46:19
81610020.0,-25.4773976954983,-49.2479963707565,1,13:47:31,92,81580179.0,-25.4968867857253,-49.2235692856984,NÃO,13:49:40
81580179.0,-25.4968867857253,-49.2235692856984,1,13:50:52,92,81560250.0,-25.4891353622078,-49.2181798796427,NÃO,13:51:32
81560250.0,-25.4891353622078,-49.2181798796427,1,13:52:44,92,81550240.0,-25.4774264375435,-49.2110857497498,NÃO,13:53:43
81550240.0,-25.4774264375435,-49.2110857497498,1,13:54:55,92,82960488.0,-25.4654066369594,-49.210649939143,NÃO,13:55:48
82960488.0,-25.4654066369594,-49.210649939143,1,13:57:00,44,81570010.0,-25.4740384750357,-49.2379956248079,NÃO,14:00:58
81570010.0,-25.4740384750357,-49.2379956248079,1,14:02:10,92,81710300.0,-25.4995227903921,-49.2608604414495,NÃO,14:04:33
81710300.0,-25.4995227903921,-49.2608604414495,1,14:05:45,88,81710590.0,-25.5021303917908,-49.2606525653797,NÃO,14:05:57
81710590.0,-25.5021303917908,-49.2606525653797,1,14:07:09,92,81670110.0,-25.4977016024349,-49.2505578410785,NÃO,14:07:54
81670110.0,-25.4977016024349,-49.2505578410785,1,14:09:06,92,81830300.0,-25.5229877082695,-49.2642839884632,NÃO,14:11:09
81830300.0,-25.5229877082695,-49.2642839884632,1,14:12:21,48,81910160.0,-25.530759191602,-49.2694617027723,NÃO,14:13:37
81910160.0,-25.530759191602,-49.2694617027723,1,14:14:49,92,81850650.0,-25.5414905884625,-49.2439315883873,NÃO,14:16:40
81850650.0,-25.5414905884625,-49.2439315883873,1,14:17:52,92,81920230.0,-25.540158846702,-49.2654606035168,NÃO,14:19:17
81920230.0,-25.540158846702,-49.2654606035168,1,14:20:29,96,81770160.0,-25.5296962833892,-49.244546883763,NÃO,14:21:59
81770160.0,-25.5296962833892,-49.244546883763,1,14:23:11,84,81830580.0,-25.525272804958,-49.2599985858237,NÃO,14:24:21
81830580.0,-25.525272804958,-49.2599985858237,1,14:25:33,92,81910550.0,-25.5343119298378,-49.2590953391986,NÃO,14:26:13
81910550.0,-25.5343119298378,-49.2590953391986,1,14:27:25,92,81720360.0,-25.5259885359266,-49.2525244997371,NÃO,14:28:10
81720360.0,-25.5259885359266,-49.2525244997371,1,14:29:22,92,81770140.0,-25.5277922333666,-49.2459991910781,NÃO,14:29:49
81770140.0,-25.5277922333666,-49.2459991910781,1,14:31:01,92,81820330.0,-25.5169970179923,-49.2724628977617,NÃO,14:32:56
81820330.0,-25.5169970179923,-49.2724628977617,1,14:34:08,92,80320140.0,-25.4645330930821,-49.294537482629,NÃO,14:38:13
80320140.0,-25.4645330930821,-49.294537482629,1,14:39:25,76,80320110.0,-25.4631702181385,-49.2942522954363,NÃO,14:39:33
80320110.0,-25.4631702181385,-49.2942522954363,1,14:40:45,68,80240550.0,-25.4533378888945,-49.3034312777902,NÃO,14:42:01
80240550.0,-25.4533378888945,-49.3034312777902,1,14:43:13,88,81010130.0,-25.4764195588417,-49.273155691529,NÃO,14:45:56
81010130.0,-25.4764195588417,-49.273155691529,1,14:47:08,92,81030370.0,-25.4881800174281,-49.2756635796428,NÃO,14:48:01
81030370.0,-25.4881800174281,-49.2756635796428,1,14:49:13,60,81030100.0,-25.4832995440473,-49.2706444334036,NÃO,14:49:58
81030100.0,-25.4832995440473,-49.2706444334036,1,14:51:10,96,81610090.0,-25.4829752828427,-49.2413676273212,NÃO,14:53:01
81610090.0,-25.4829752828427,-49.2413676273212,1,14:54:13,92,81610220.0,-25.4840165002992,-49.2455067502822,NÃO,14:54:30
81610220.0,-25.4840165002992,-49.2455067502822,1,14:55:42,92,81850680.0,-25.54320816435,-49.242931161733,NÃO,15:00:00
81850680.0,-25.54320816435,-49.242931161733,1,15:01:12,92,81935113.0,-25.5499175384761,-49.253610923113,NÃO,15:01:57
81935113.0,-25.5499175384761,-49.253610923113,1,15:03:09,36,81900560.0,-25.5386532636233,-49.2709988129397,NÃO,15:06:18
81900560.0,-25.5386532636233,-49.2709988129397,1,15:07:30,88,81935050.0,-25.555508412277,-49.2544885303963,NÃO,15:09:10
81935050.0,-25.555508412277,-49.2544885303963,1,15:10:22,92,81150330.0,-25.5222469145844,-49.3046045806688,SIM,15:14:18
81150330.0,-25.5222469145844,-49.3046045806688,1,15:15:30,76,81310370.0,-25.5005119473929,-49.3186624209516,NÃO,15:17:47
81310370.0,-25.5005119473929,-49.3186624209516,1,15:18:59,92,81050637.0,-25.4835295000015,-49.3145007999984,NÃO,15:20:27
81050637.0,-25.4835295000015,-49.3145007999984,1,15:21:39,92,81130330.0,-25.5102533750322,-49.3062616741933,NÃO,15:23:30
81130330.0,-25.5102533750322,-49.3062616741933,1,15:24:42,80,81010170.0,-25.4783570614136,-49.2757205974116,NÃO,15:29:01
81010170.0,-25.4783570614136,-49.2757205974116,1,15:30:13,92,81110330.0,-25.5042910428287,-49.2847716627966,NÃO,15:31:57
81110330.0,-25.5042910428287,-49.2847716627966,1,15:33:09,92,81110190.0,-25.4985135816744,-49.2879505576038,NÃO,15:33:39
81110190.0,-25.4985135816744,-49.2879505576038,1,15:34:51,92,80240660.0,-25.4542530556284,-49.2916382221557,NÃO,15:38:25
80240660.0,-25.4542530556284,-49.2916382221557,1,15:39:37,88,81230392.0,-25.4603003707953,-49.340657573102,NÃO,15:42:36
81230392.0,-25.4603003707953,-49.340657573102,1,15:43:48,92,81220170.0,-25.4569440522711,-49.3221956960987,NÃO,15:45:13
81220170.0,-25.4569440522711,-49.3221956960987,1,15:46:25,76,80740620.0,-25.4417320478243,-49.3156172471767,NÃO,15:48:10
80740620.0,-25.4417320478243,-49.3156172471767,1,15:49:22,92,80710390.0,-25.43427248628,-49.3055074800751,NÃO,15:50:24
80710390.0,-25.43427248628,-49.3055074800751,1,15:51:36,92,82025101.0,-25.4089804447922,-49.3131316666906,NÃO,15:53:39
82025101.0,-25.4089804447922,-49.3131316666906,1,15:54:51,92,82320230.0,-25.4021230003188,-49.3423791541151,NÃO,15:56:40
82320230.0,-25.4021230003188,-49.3423791541151,1,15:57:52,92,81200030.0,-25.4339218572309,-49.3305021428569,NÃO,16:00:08
81200030.0,-25.4339218572309,-49.3305021428569,1,16:01:20,92,82010390.0,-25.4282395714462,-49.3275682857714,NÃO,16:01:48
82010390.0,-25.4282395714462,-49.3275682857714,1,16:03:00,92,81280048.0,-25.4357441112655,-49.361230111158,NÃO,16:05:17
81280048.0,-25.4357441112655,-49.361230111158,1,16:06:29,92,81230560.0,-25.4618345263762,-49.3467354210512,NÃO,16:08:37
81230560.0,-25.4618345263762,-49.3467354210512,1,16:09:49,92,81230480.0,-25.4646281053601,-49.3394493683984,NÃO,16:10:21
81230480.0,-25.4646281053601,-49.3394493683984,1,16:11:33,92,81270220.0,-25.4591060306723,-49.3531713829059,NÃO,16:12:33
81270220.0,-25.4591060306723,-49.3531713829059,1,16:13:45,84,81220100.0,-25.4557352095908,-49.3256450071633,NÃO,16:15:45
81220100.0,-25.4557352095908,-49.3256450071633,1,16:16:57,92,81230395.0,-25.4630444265055,-49.340662832648,NÃO,16:18:05
81230395.0,-25.4630444265055,-49.340662832648,1,16:19:17,48,81210070.0,-25.4427148131246,-49.3268133751402,NÃO,16:22:37
81210070.0,-25.4427148131246,-49.3268133751402,1,16:23:49,92,81200160.0,-25.4320014000022,-49.3213627999599,NÃO,16:24:41
81200160.0,-25.4320014000022,-49.3213627999599,1,16:25:53,92,80730270.0,-25.4395442941516,-49.3020722939492,NÃO,16:27:16
80730270.0,-25.4395442941516,-49.3020722939492,1,16:28:28,92,80730430.0,-25.430157,-49.293614,NÃO,16:29:21
80730430.0,-25.430157,-49.293614,1,16:30:33,92,80820480.0,-25.4089459015341,-49.3017935380524,NÃO,16:32:11
80820480.0,-25.4089459015341,-49.3017935380524,1,16:33:23,92,80035210.0,-25.4018593540355,-49.2501065029327,NÃO,16:36:49
80035210.0,-25.4018593540355,-49.2501065029327,1,16:38:01,92,82640640.0,-25.3715918782937,-49.2403618225252,NÃO,16:40:19
82640640.0,-25.3715918782937,-49.2403618225252,1,16:41:31,96,80010160.0,-25.3975876007521,-49.2498549128683,NÃO,16:43:26
80010160.0,-25.3975876007521,-49.2498549128683,1,16:44:38,80,80035230.0,-25.4008064386385,-49.2512257402299,NÃO,16:44:56
80035230.0,-25.4008064386385,-49.2512257402299,1,16:46:08,92,82720240.0,-25.3649974344476,-49.2309054649185,NÃO,16:49:04
82720240.0,-25.3649974344476,-49.2309054649185,1,16:50:16,92,82630494.0,-25.3769201560983,-49.2197021839363,NÃO,16:51:25
82630494.0,-25.3769201560983,-49.2197021839363,1,16:52:37,92,82650470.0,-25.3694403145923,-49.2428589272921,NÃO,16:54:14
82650470.0,-25.3694403145923,-49.2428589272921,1,16:55:26,92,82720410.0,-25.3531644337776,-49.232263242608,NÃO,16:56:49
82720410.0,-25.3531644337776,-49.232263242608,1,16:58:01,76,82640710.0,-25.3761139167061,-49.2360147500568,NÃO,17:00:04
82640710.0,-25.3761139167061,-49.2360147500568,1,17:01:16,92,82560040.0,-25.385069922368,-49.2480647046834,NÃO,17:02:18
82560040.0,-25.385069922368,-49.2480647046834,1,17:03:30,68,82650230.0,-25.3772499488416,-49.2469517894625,NÃO,17:04:17
82650230.0,-25.3772499488416,-49.2469517894625,1,17:05:29,88,82220142.0,-25.3755612295988,-49.2640974005018,NÃO,17:06:40
82220142.0,-25.3755612295988,-49.2640974005018,1,17:07:52,76,82220610.0,-25.3725747859642,-49.2682819283134,NÃO,17:08:18
82220610.0,-25.3725747859642,-49.2682819283134,1,17:09:30,96,82220563.0,-25.3564836666715,-49.2790128333043,NÃO,17:10:49
82220563.0,-25.3564836666715,-49.2790128333043,1,17:12:01,92,82220470.0,-25.3569461500704,-49.2736981005731,NÃO,17:12:22
82220470.0,-25.3569461500704,-49.2736981005731,1,17:13:34,92,82700540.0,-25.3703488003616,-49.2570179996848,NÃO,17:15:02
82700540.0,-25.3703488003616,-49.2570179996848,1,17:16:14,92,82710082.0,-25.3647667288143,-49.2518749086381,NÃO,17:16:46
82710082.0,-25.3647667288143,-49.2518749086381,1,17:17:58,76,82650320.0,-25.3737566254647,-49.2469140011033,NÃO,17:18:51
82650320.0,-25.3737566254647,-49.2469140011033,1,17:20:03,92,82650060.0,-25.3808622827653,-49.242762203191,NÃO,17:20:38
82650060.0,-25.3808622827653,-49.242762203191,1,17:21:50,96,82860360.0,-25.3827108510463,-49.1953359321141,NÃO,17:24:49
82860360.0,-25.3827108510463,-49.1953359321141,1,17:26:01,92,82650210.0,-25.3791995264108,-49.2479747365615,SIM,17:29:29
82650210.0,-25.3791995264108,-49.2479747365615,1,17:30:41,60,80530210.0,-25.415928,-49.266714,NÃO,17:35:11
80530210.0,-25.415928,-49.266714,1,17:36:23,76,80810200.0,-25.411751607072,-49.288206501747,NÃO,17:38:08
80810200.0,-25.411751607072,-49.288206501747,1,17:39:20,92,80810020.0,-25.4179269867733,-49.2959062863188,NÃO,17:40:01
80810020.0,-25.4179269867733,-49.2959062863188,1,17:41:13,72,82100470.0,-25.3984034918396,-49.2952852364297,NÃO,17:43:02
82100470.0,-25.3984034918396,-49.2952852364297,1,17:44:14,92,80510360.0,-25.4193944591681,-49.2858097118247,NÃO,17:45:53
80510360.0,-25.4193944591681,-49.2858097118247,1,17:47:05,92,80740199.0,-25.4437465384921,-49.3130473847111,NÃO,17:49:36
80740199.0,-25.4437465384921,-49.3130473847111,1,17:50:48,80,80710040.0,-25.4214634286453,-49.3044615715174,NÃO,17:52:47
80710040.0,-25.4214634286453,-49.3044615715174,1,17:53:59,84,82020770.0,-25.4035799002893,-49.3165390673192,NÃO,17:55:39
82020770.0,-25.4035799002893,-49.3165390673192,1,17:56:51,92,82020560.0,-25.401157660715,-49.3241349981993,NÃO,17:57:23
82020560.0,-25.401157660715,-49.3241349981993,1,17:58:35,92,82320340.0,-25.399199941043,-49.3477109219031,NÃO,18:00:09
82320340.0,-25.399199941043,-49.3477109219031,1,18:01:21,92,82015720.0,-25.4187128462549,-49.3341400767781,NÃO,18:03:06
82015720.0,-25.4187128462549,-49.3341400767781,1,18:04:18,84,80310110.0,-25.4618760201347,-49.3131981040754,NÃO,18:08:11
80310110.0,-25.4618760201347,-49.3131981040754,1,18:09:23,92,80330120.0,-25.4711980670357,-49.3106388116797,NÃO,18:10:06
80330120.0,-25.4711980670357,-49.3106388116797,1,18:11:18,72,81070000.0,-25.4763966710448,-49.3031041977101,NÃO,18:12:11
81070000.0,-25.4763966710448,-49.3031041977101,1,18:13:23,88,81110522.0,-25.5094403220237,-49.2915096538449,NÃO,18:16:05
81110522.0,-25.5094403220237,-49.2915096538449,1,18:17:17,92,81825210.0,-25.5262738689431,-49.2736153558222,NÃO,18:19:05
81825210.0,-25.5262738689431,-49.2736153558222,1,18:20:17,92,81850712.0,-25.5293962610013,-49.2571259563704,NÃO,18:21:30
81850712.0,-25.5293962610013,-49.2571259563704,1,18:22:42,92,81480125.0,-25.5614706374337,-49.3118706658535,NÃO,18:26:41
81480125.0,-25.5614706374337,-49.3118706658535,1,18:27:53,80,81480160.0,-25.5588432106598,-49.3151440012031,NÃO,18:28:12
81480160.0,-25.5588432106598,-49.3151440012031,1,18:29:24,92,81470300.0,-25.575776177431,-49.3365443994341,NÃO,18:31:09
81470300.0,-25.575776177431,-49.3365443994341,1,18:32:21,92,81490010.0,-25.6154928550559,-49.3537353191769,NÃO,18:35:21
81490010.0,-25.6154928550559,-49.3537353191769,1,18:36:33,92,81470089.0,-25.5687003611858,-49.3290482775162,NÃO,18:40:27
81470089.0,-25.5687003611858,-49.3290482775162,1,18:41:39,92,81330620.0,-25.4883481133979,-49.3345923101625,NÃO,18:47:27
81330620.0,-25.4883481133979,-49.3345923101625,1,18:48:39,92,81250482.0,-25.4865966553425,-49.3378683447999,NÃO,18:48:53
81250482.0,-25.4865966553425,-49.3378683447999,1,18:50:05,92,81070310.0,-25.4777156282764,-49.3079769301493,NÃO,18:52:20
81070310.0,-25.4777156282764,-49.3079769301493,1,18:53:32,56,80610300.0,-25.463999400884,-49.2889687454307,NÃO,18:56:29
80610300.0,-25.463999400884,-49.2889687454307,1,18:57:41,92,80620370.0,-25.4578113636589,-49.2746421817496,NÃO,18:58:49
80620370.0,-25.4578113636589,-49.2746421817496,2,06:00:00,92,80440020.0,-25.4428337956861,-49.300747838027,NÃO,06:02:04
80440020.0,-25.4428337956861,-49.300747838027,2,06:03:16,92,82310433.0,-25.43107,-49.372483,NÃO,06:08:20
82310433.0,-25.43107,-49.372483,2,06:09:32,52,82320460.0,-25.4077602271442,-49.3507954592113,NÃO,06:12:50
82320460.0,-25.4077602271442,-49.3507954592113,2,06:14:02,92,82400380.0,-25.3939611290747,-49.3559660424619,NÃO,06:15:03
82400380.0,-25.3939611290747,-49.3559660424619,2,06:16:15,92,82315390.0,-25.4096763580765,-49.3604395248946,NÃO,06:17:33
82315390.0,-25.4096763580765,-49.3604395248946,2,06:18:45,92,81200400.0,-25.4338997893551,-49.3437087449233,NÃO,06:20:52
81200400.0,-25.4338997893551,-49.3437087449233,2,06:22:04,80,81200390.0,-25.4331374954389,-49.3440640772759,NÃO,06:22:08
81200390.0,-25.4331374954389,-49.3440640772759,2,06:23:20,96,81280125.0,-25.4406127564945,-49.3601132684004,NÃO,06:24:36
81280125.0,-25.4406127564945,-49.3601132684004,2,06:25:48,92,81240110.0,-25.4758162194925,-49.3455733886983,NÃO,06:28:39
81240110.0,-25.4758162194925,-49.3455733886983,2,06:29:51,88,81250190.0,-25.4787356976141,-49.3477187290333,NÃO,06:30:09
81250190.0,-25.4787356976141,-49.3477187290333,2,06:31:21,92,81250720.0,-25.4815524899573,-49.3385838295334,NÃO,06:31:58
81250720.0,-25.4815524899573,-49.3385838295334,2,06:33:10,76,81240490.0,-25.4789005295822,-49.3358291909315,NÃO,06:33:28
81240490.0,-25.4789005295822,-49.3358291909315,2,06:34:40,96,81260160.0,-25.488209,-49.348703,SIM,06:35:49
81260160.0,-25.488209,-49.348703,2,06:37:01,60,81330220.0,-25.4843712333489,-49.3355483883407,NÃO,06:38:14
81330220.0,-25.4843712333489,-49.3355483883407,2,06:39:26,92,81452334.0,-25.5061884000766,-49.3539056000423,NÃO,06:41:39
81452334.0,-25.5061884000766,-49.3539056000423,2,06:42:51,92,81170065.0,-25.5110533750523,-49.3200841245732,NÃO,06:44:58
81170065.0,-25.5110533750523,-49.3200841245732,2,06:46:10,76,81350712.0,-25.4960801542241,-49.3371847691929,NÃO,06:48:03
81350712.0,-25.4960801542241,-49.3371847691929,2,06:49:15,92,81450410.0,-25.4981067710058,-49.3448539613686,NÃO,06:49:50
81450410.0,-25.4981067710058,-49.3448539613686,2,06:51:02,92,81350686.0,-25.4936598469491,-49.3400481020638,NÃO,06:51:27
81350686.0,-25.4936598469491,-49.3400481020638,2,06:52:39,72,81250610.0,-25.4933426909383,-49.3409114723655,NÃO,06:52:44
81250610.0,-25.4933426909383,-49.3409114723655,2,06:53:56,92,81450310.0,-25.4928927891057,-49.3482807107009,NÃO,06:54:28
81450310.0,-25.4928927891057,-49.3482807107009,2,06:55:40,92,81450520.0,-25.4951670667098,-49.3442928001987,NÃO,06:55:59
81450520.0,-25.4951670667098,-49.3442928001987,2,06:57:11,80,81350713.0,-25.496557235688,-49.3371662352983,NÃO,06:57:42
81350713.0,-25.496557235688,-49.3371662352983,2,06:58:54,92,81260412.0,-25.4811505865638,-49.3545312407406,NÃO,07:00:30
81260412.0,-25.4811505865638,-49.3545312407406,2,07:01:42,92,81452040.0,-25.4998370213564,-49.3545044201704,NÃO,07:03:04
81452040.0,-25.4998370213564,-49.3545044201704,2,07:04:16,92,81450340.0,-25.4902346316319,-49.3486330527676,NÃO,07:05:04
81450340.0,-25.4902346316319,-49.3486330527676,2,07:06:16,92,81450140.0,-25.4974735953017,-49.3493514288727,NÃO,07:06:48
81450140.0,-25.4974735953017,-49.3493514288727,2,07:08:00,96,82310354.0,-25.428940781271,-49.3504773749079,NÃO,07:12:46
82310354.0,-25.428940781271,-49.3504773749079,2,07:13:58,92,82015640.0,-25.4165571631868,-49.3376898347165,NÃO,07:15:12
82015640.0,-25.4165571631868,-49.3376898347165,2,07:16:24,92,82320220.0,-25.4019988462337,-49.3433039997731,NÃO,07:17:32
82320220.0,-25.4019988462337,-49.3433039997731,2,07:18:44,92,80710350.0,-25.4333576000608,-49.3086768002282,NÃO,07:21:57
80710350.0,-25.4333576000608,-49.3086768002282,2,07:23:09,76,80730450.0,-25.4295930000255,-49.2924205417543,NÃO,07:24:29
80730450.0,-25.4295930000255,-49.2924205417543,2,07:25:41,92,80810070.0,-25.4171734750828,-49.2912702953003,NÃO,07:26:36
80810070.0,-25.4171734750828,-49.2912702953003,2,07:27:48,96,80410000.0,-25.4213661621413,-49.2875646174355,NÃO,07:28:11
80410000.0,-25.4213661621413,-49.2875646174355,2,07:29:23,36,80030430.0,-25.4146322176159,-49.2550561883948,NÃO,07:34:58
80030430.0,-25.4146322176159,-49.2550561883948,2,07:36:10,92,80540140.0,-25.4021061827475,-49.2605236422368,NÃO,07:37:09
80540140.0,-25.4021061827475,-49.2605236422368,2,07:38:21,40,82220133.0,-25.3760098333463,-49.2639595000711,NÃO,07:42:45
82220133.0,-25.3760098333463,-49.2639595000711,2,07:43:57,92,82700410.0,-25.3740192069561,-49.2513782763024,NÃO,07:44:48
82700410.0,-25.3740192069561,-49.2513782763024,2,07:46:00,92,82130162.0,-25.3808898753791,-49.2691345002354,NÃO,07:47:16
82130162.0,-25.3808898753791,-49.2691345002354,2,07:48:28,80,82200216.0,-25.3890870000006,-49.270339250004,NÃO,07:49:10
82200216.0,-25.3890870000006,-49.270339250004,2,07:50:22,92,82210230.0,-25.3823373333611,-49.2634891111916,NÃO,07:51:02
82210230.0,-25.3823373333611,-49.2634891111916,2,07:52:14,72,82130580.0,-25.3655056873644,-49.280654645349,NÃO,07:54:22
82130580.0,-25.3655056873644,-49.280654645349,2,07:55:34,92,82710330.0,-25.3530998572423,-49.2583428932106,NÃO,07:57:18
82710330.0,-25.3530998572423,-49.2583428932106,2,07:58:30,92,82710320.0,-25.3550854904869,-49.2588717776273,NÃO,07:58:39
82710320.0,-25.3550854904869,-49.2588717776273,2,07:59:51,92,82100440.0,-25.3942804783177,-49.2932765649519,NÃO,08:03:29
82100440.0,-25.3942804783177,-49.2932765649519,2,08:04:41,80,82115020.0,-25.3852616256441,-49.2858709374701,NÃO,08:05:38
82115020.0,-25.3852616256441,-49.2858709374701,2,08:06:50,92,82100620.0,-25.3924350555573,-49.3027649999663,NÃO,08:08:04
82100620.0,-25.3924350555573,-49.3027649999663,2,08:09:16,92,82130470.0,-25.3763584193723,-49.2754817420857,NÃO,08:11:25
82130470.0,-25.3763584193723,-49.2754817420857,2,08:12:37,92,82130282.0,-25.3808727224324,-49.2743298330015,NÃO,08:12:58
82130282.0,-25.3808727224324,-49.2743298330015,2,08:14:10,40,82200440.0,-25.393875587652,-49.2639951894228,NÃO,08:16:51
82200440.0,-25.393875587652,-49.2639951894228,2,08:18:03,92,80520550.0,-25.403621771614,-49.2770964271839,NÃO,08:19:10
80520550.0,-25.403621771614,-49.2770964271839,2,08:20:22,92,80820310.0,-25.4086845373433,-49.2906611455039,NÃO,08:21:20
80820310.0,-25.4086845373433,-49.2906611455039,2,08:22:32,92,82200200.0,-25.3904101875436,-49.2691160623079,NÃO,08:24:29
82200200.0,-25.3904101875436,-49.2691160623079,2,08:25:41,92,80540290.0,-25.4060056184402,-49.2667691092792,NÃO,08:26:50
80540290.0,-25.4060056184402,-49.2667691092792,2,08:28:02,76,80040153.0,-25.4213319028677,-49.2481648998847,NÃO,08:30:02
80040153.0,-25.4213319028677,-49.2481648998847,2,08:31:14,76,80060170.0,-25.4278721677395,-49.2593020468696,NÃO,08:32:18
80060170.0,-25.4278721677395,-49.2593020468696,2,08:33:30,92,80250085.0,-25.4428916686675,-49.2805507832172,NÃO,08:35:17
80250085.0,-25.4428916686675,-49.2805507832172,2,08:36:29,92,80060040.0,-25.4318069334388,-49.263280830672,NÃO,08:37:53
80060040.0,-25.4318069334388,-49.263280830672,2,08:39:05,36,80210200.0,-25.4425802500035,-49.2447534999719,NÃO,08:42:47
80210200.0,-25.4425802500035,-49.2447534999719,2,08:43:59,92,81520300.0,-25.4623570695212,-49.2422078636873,NÃO,08:45:26
81520300.0,-25.4623570695212,-49.2422078636873,2,08:46:38,92,81510040.0,-25.4602953492636,-49.2465827083158,NÃO,08:46:58
81510040.0,-25.4602953492636,-49.2465827083158,2,08:48:10,92,81010160.0,-25.4761700909245,-49.2756320910121,NÃO,08:50:24
81010160.0,-25.4761700909245,-49.2756320910121,2,08:51:36,96,81020150.0,-25.4852090685074,-49.2875810685635,NÃO,08:52:35
81020150.0,-25.4852090685074,-49.2875810685635,2,08:53:47,92,80250220.0,-25.4401651682037,-49.2778677639266,SIM,08:57:07
80250220.0,-25.4401651682037,-49.2778677639266,2,08:58:19,96,80030200.0,-25.4196624320568,-49.2602838398977,NÃO,09:00:08
80030200.0,-25.4196624320568,-49.2602838398977,2,09:01:20,92,80040150.0,-25.419191727292,-49.2505313635874,NÃO,09:02:05
80040150.0,-25.419191727292,-49.2505313635874,2,09:03:17,92,80010010.0,-25.4267759520353,-49.2679877486134,NÃO,09:04:21
80010010.0,-25.4267759520353,-49.2679877486134,2,09:05:33,88,80530040.0,-25.4219925091123,-49.2723748799989,NÃO,09:06:02
80530040.0,-25.4219925091123,-49.2723748799989,2,09:07:14,92,80510090.0,-25.4219078028813,-49.2805581841836,NÃO,09:07:42
80510090.0,-25.4219078028813,-49.2805581841836,2,09:08:54,92,80510325.0,-25.4198156998607,-49.2790781765687,NÃO,09:09:08
80510325.0,-25.4198156998607,-49.2790781765687,2,09:10:20,80,80030010.0,-25.424164,-49.266866,NÃO,09:11:24
80030010.0,-25.424164,-49.266866,2,09:12:36,92,82025060.0,-25.4094383254911,-49.3098019002186,NÃO,09:15:20
82025060.0,-25.4094383254911,-49.3098019002186,2,09:16:32,84,80820350.0,-25.4104868271504,-49.2948596739003,NÃO,09:17:47
80820350.0,-25.4104868271504,-49.2948596739003,2,09:18:59,92,80820650.0,-25.4121630005226,-49.3068074987427,NÃO,09:19:40
80820650.0,-25.4121630005226,-49.3068074987427,2,09:20:52,92,82100270.0,-25.4014680627492,-49.2883068119821,NÃO,09:22:41
82100270.0,-25.4014680627492,-49.2883068119821,2,09:23:53,92,80820520.0,-25.4127105464884,-49.2963300390619,NÃO,09:24:42
80820520.0,-25.4127105464884,-49.2963300390619,2,09:25:54,92,80820500.0,-25.4107702686398,-49.3021048645381,NÃO,09:26:16
80820500.0,-25.4107702686398,-49.3021048645381,2,09:27:28,92,82015100.0,-25.4177303741766,-49.3254408265132,NÃO,09:28:50
82015100.0,-25.4177303741766,-49.3254408265132,2,09:30:02,68,82030020.0,-25.3946174297227,-49.3162606368294,NÃO,09:33:14
82030020.0,-25.3946174297227,-49.3162606368294,2,09:34:26,92,82410510.0,-25.3732418954991,-49.3291631561723,NÃO,09:36:17
82410510.0,-25.3732418954991,-49.3291631561723,2,09:37:29,92,82415070.0,-25.3666350000001,-49.3367376666649,NÃO,09:38:10
82415070.0,-25.3666350000001,-49.3367376666649,2,09:39:22,92,82015110.0,-25.4160406938864,-49.3250852303798,NÃO,09:42:37
82015110.0,-25.4160406938864,-49.3250852303798,2,09:43:49,92,80710600.0,-25.4224698510365,-49.3006978054742,NÃO,09:45:38
80710600.0,-25.4224698510365,-49.3006978054742,2,09:46:50,92,82400000.0,-25.4008242454259,-49.335596235314,NÃO,09:49:28
82400000.0,-25.4008242454259,-49.335596235314,2,09:50:40,92,82410316.0,-25.3849215000131,-49.328439749977,NÃO,09:52:13
82410316.0,-25.3849215000131,-49.328439749977,2,09:53:25,92,82315100.0,-25.4138947234128,-49.3562615743809,NÃO,09:55:43
82315100.0,-25.4138947234128,-49.3562615743809,2,09:56:55,92,81280190.0,-25.4369027676958,-49.3594793608748,NÃO,09:58:22
81280190.0,-25.4369027676958,-49.3594793608748,2,09:59:34,92,82300430.0,-25.4211195918941,-49.3463656911546,NÃO,10:01:23
82300430.0,-25.4211195918941,-49.3463656911546,2,10:02:35,64,82310380.0,-25.4271679351543,-49.3574755107166,NÃO,10:03:49
82310380.0,-25.4271679351543,-49.3574755107166,2,10:05:01,92,81220090.0,-25.4539760939031,-49.3149024143145,NÃO,10:08:25
81220090.0,-25.4539760939031,-49.3149024143145,2,10:09:37,68,80440090.0,-25.4443285001079,-49.2916224997606,NÃO,10:11:54
80440090.0,-25.4443285001079,-49.2916224997606,2,10:13:06,92,80230090.0,-25.4390390483783,-49.2723309760101,NÃO,10:14:26
80230090.0,-25.4390390483783,-49.2723309760101,2,10:15:38,92,82520095.0,-25.4146626252933,-49.2400308757049,NÃO,10:18:24
82520095.0,-25.4146626252933,-49.2400308757049,2,10:19:36,92,82810220.0,-25.4362783812433,-49.2176039050576,NÃO,10:21:45
82810220.0,-25.4362783812433,-49.2176039050576,2,10:22:57,92,82900480.0,-25.445789018659,-49.2173394258684,NÃO,10:23:39
82900480.0,-25.445789018659,-49.2173394258684,2,10:24:51,92,82920090.0,-25.4493406843058,-49.2065936315104,NÃO,10:25:36
82920090.0,-25.4493406843058,-49.2065936315104,2,10:26:48,92,82821016.0,-25.4270763750322,-49.209505500185,NÃO,10:28:26
82821016.0,-25.4270763750322,-49.209505500185,2,10:29:38,92,82810080.0,-25.4396831550178,-49.213992719196,NÃO,10:30:36
82810080.0,-25.4396831550178,-49.213992719196,2,10:31:48,92,82820460.0,-25.4179465264684,-49.2222826851176,NÃO,10:33:29
82820460.0,-25.4179465264684,-49.2222826851176,2,10:34:41,92,82821020.0,-25.4233146347775,-49.2160678044742,NÃO,10:35:15
